Coupon	YTM	CurrentYield	RatingNum
5.6500	4.0240	4.5634	9
6.2000	3.8030	5.0559	11
1.6400	1.5540	1.6116	11
10.2700	10.1930	25.3518	5
5.8300	4.4790	5.1488	8
6.4200	3.6750	4.7328	9
6.7800	5.7730	6.4308	7
6.5400	4.2420	5.7652	8
3.3600	2.8020	3.2064	10
7.2000	6.8750	7.1635	7
4.7100	3.9860	5.1753	9
1.5100	1.3540	1.4594	9
6.0800	3.9310	5.3315	10
5.5200	3.8480	5.1584	9
8.3300	4.7870	7.4515	8
5.0500	3.6770	4.6178	8
5.7000	4.0610	5.1931	9
5.8400	3.9260	5.2817	9
5.6900	3.8860	4.5906	11
5.5300	4.0760	5.3425	9
7.2300	9.5600	16.0133	5
6.3700	4.9480	6.2592	7
8.8500	5.0970	6.0159	10
2.9600	2.4270	2.7627	9
6.1100	3.8080	5.0164	8
4.7200	4.6300	5.0552	9
3.3700	3.0470	3.2473	11
4	2.9370	3.4837	10
9.4600	5.0490	8.1432	7
6.2000	5.3290	6.8252	9
9.0400	8.9810	9.3138	6
5.8300	3.8930	5.3927	9
8.9200	5.2060	7.4551	9
4.4600	2.4800	4.0593	11
4.0100	3.6670	4.1858	9
5.1400	3.3790	4.1239	11
6.4100	3.6740	4.6683	9
7.5500	4.0870	5.1954	8
10.6900	8.8510	13.1327	6
4.5900	3.6080	3.9077	11
0.8800	0.8410	0.8623	11
4.6600	3.4510	4.0884	8
3.5900	2.9270	3.4642	8
3.1100	2.5450	2.8350	10
7.2200	4.7930	7.4564	6
6.3700	4.6970	7.0363	9
5.2700	3.7970	5.0537	10
4.4400	3.8030	4.1039	8
7.0800	4.3180	6.1856	9
5.9300	5.4430	5.7719	8
7.7000	6.1640	8.1027	8
1.3200	1.2730	1.2858	11
2.2000	1.9730	2.1099	8
12.4000	9.8250	12.0423	6
6.3700	4.2530	5.6392	10
6.0600	3.5030	4.4542	11
2	1.7430	1.8847	11
5.4400	3.5970	4.4386	9
6.9600	4.3780	6.3307	8
6.8000	4.4450	6.2771	9
4.9700	3.2130	3.9608	11
6	3.7080	4.7805	8
5.1400	3.6800	4.1505	11
5.7100	4.2820	5.5089	9
3.9400	3.1240	3.6833	9
5.4600	3.5540	4.5565	10
4.2800	3.6330	4.0573	11
8.2600	4.8770	7.6545	7
5.3000	3.3590	4.1207	11
7.8700	4.7200	5.9852	8
5.6000	4.4240	4.9880	8
6.4600	4.3750	6.0346	9
5.9500	4.6870	6.9420	8
6.3000	4.2760	5.9954	7
6.0600	4.1600	5.6966	10
1.9500	1.8300	1.9313	9
5.5800	3.8170	4.4852	8
1.0200	0.9740	1.0061	11
7.4100	6.6810	8.1295	5
7.8100	4.9370	7.8603	7
6.6100	5.2800	5.7916	9
6.4600	5.9420	6.5798	7
7.7100	6.0350	7.6762	5
0.9600	0.9220	0.9342	11
2.9900	2.4580	2.7547	11
5.3200	3.6390	4.8500	10
7.2200	4.0480	5.5564	9
3.1000	2.8090	2.8545	10
7.9200	4.3610	5.9175	8
6.8700	5.0170	5.8578	9
7.1200	4.1420	5.4715	9
4.7300	3.2900	4.0839	9
6.8300	4.0730	5.0581	9
3.9900	3.3100	4.0254	9
6.4000	4.8620	5.8203	8
7.7200	5.9140	10.6292	5
7.7300	6.7920	7.5246	9
5.8100	4.9190	5.6905	8
8.8300	5.5240	7.9614	6
8.0900	2.7850	7.4329	7
5.8200	4.2640	4.8480	9
8.4500	4.4200	5.4222	11
6.8300	4.6720	7.1317	6
5.2500	3.9390	4.9584	9
2.0400	1.8600	1.9928	9
6.0800	4.6210	5.5187	8
2.7400	2.4090	2.6530	9
3.2400	2.6480	3.0708	9
9.5900	5.6610	8.5510	7
5.3400	4.2830	5.9254	9
5.3800	4.4680	5.1726	8
5.5600	3.7050	4.6547	9
7.3600	4.4250	5.2839	9
9	5.2020	6.9109	8
5.5700	3.8810	5.2261	8
3.5900	3.1190	3.5011	8
1.3400	0.7280	1.2887	11
5.4600	4.1700	4.8542	9
5.8700	3.8500	5.1618	8
5.6800	4.4550	4.6969	10
10.4100	6.3040	9.1188	7
7.3900	4.7440	6.5947	8
5.5800	3.5240	3.9318	11
6.1600	4.1980	5.8717	10
6.6600	4.8270	7.0911	6
1.0900	1.0550	1.0626	11
6.7700	5.1000	7.0572	9
4.7000	1.7000	4.2821	11
3.9600	3.0790	3.6277	5
6.3300	4.7050	5.6322	8
10.4300	5.8230	9.5987	6
1.5300	1.4940	1.5031	11
4.5300	1.5110	4.1720	11
1.2300	1.1560	1.2033	11
5.9700	4.7720	7.0526	8
5.1100	4.0760	5.6179	9
3.8800	3.6370	3.8800	9
7.3400	5.4320	5.5860	9
4.9400	3.9880	4.8612	9
10.3200	6.1870	9.5326	6
4.4300	3.2050	3.8792	11
6.0900	4.2290	5.9006	8
1.9100	1.7260	1.8357	9
5.7800	2.6560	5.3563	10
6.3400	4.7080	7.2152	8
9.2300	5.6620	9.0384	6
5.0900	4.1660	5.4944	9
6.3300	5.5830	6.7838	9
4.5000	3.9130	4.3178	9
1.5900	1.5330	1.5690	11
2.3800	2.1140	2.2523	10
5.3700	3.4980	4.4716	11
6.5300	7.1090	7.9936	8
3.2400	2.7830	3.2707	9
7.9700	7.9300	11.0266	6
7.9600	6.0410	7.1461	7
4.6600	4.1920	5.4395	5
7.8300	5.0050	6.6244	8
2.2900	2.0750	2.2504	11
6.9700	6.3980	8.1673	7
8.4600	5.0050	9.1193	5
5.9200	3.9030	5.2754	10
1.8200	1.7320	1.8006	7
6.5600	4.5160	6.2578	7
6.2200	3.9690	5.4096	9
6.1300	4.7470	5.0361	8
6.8600	5.4890	7.8364	8
5.7800	4.2600	5.5195	7
8.5000	6.2990	7.3894	7
3.3100	2.8230	3.0943	10
7.9200	5.0630	7.2157	8
5.5500	3.8030	4.9933	9
5.9600	4.1340	5.6870	9
6.7100	4.5270	6.7867	7
2.4200	2.2480	2.3559	11
7.0500	6.2660	7.4132	6
5.2100	3.8690	4.9239	8
6.8600	5.0250	5.5795	8
4.8500	3.6590	4.4491	8
1.9100	1.2850	1.8443	10
4.0600	2.8970	3.4506	11
7.8400	5.0340	7.2700	7
5.4200	3.9280	4.6183	10
6.7600	3.4720	4.4186	11
3.6100	3.1610	3.4460	11
6.1500	3.8430	5.1464	9
4.9900	3.3980	4.2888	9
4.1500	2.9790	3.5804	9
4.5700	3.2210	4.0232	9
6.9500	5.1040	6.4370	7
7.0200	4.4970	5.0576	9
6.0300	4.7800	5.7097	10
5.0500	3.8550	4.4770	10
4.9100	3.2940	4.1067	9
6.3400	5.9340	7.2823	6
3.4800	3.0860	3.4054	8
4.9600	3.8480	4.2023	11
4.9600	3.5750	4.3018	10
7.8000	5.7580	7.4264	7
5.5000	5.1670	5.9796	9
6.8400	4.1060	5.6618	9
5.9600	5.0740	6.3948	6
3.4100	3.0650	3.4309	9
2.0300	1.9380	1.9970	11
7.0600	2.7570	6.4818	8
3.1000	2.8770	2.9056	10
4.4600	3.2160	3.7832	10
5.7000	3.7510	5.4808	6
7.1200	4.2540	6.0493	8
4.3900	3.5570	3.8730	11
8.1500	4.5680	6.8493	7
6.3100	5.1640	6.7857	6
4.6100	3.6070	4.5161	10
7.4100	6.7230	8.9786	6
6.5000	4.2200	5.0873	9
2.3600	2.1310	2.3341	9
7.3400	4.9230	7.6794	6
1.2900	1.2390	1.2709	11
5.9100	4.8590	5.2981	8
5.5200	4.4030	6.2190	8
3.6600	3.1810	3.6725	9
6.5500	5.6380	7.0514	9
7.1000	4.6840	7.1171	6
3.6800	3.0310	3.4632	8
4.4500	3.5560	4.3066	9
3.6700	3.4210	3.4959	11
5.4200	3.5700	4.5276	9
5.2300	4.9310	5.0861	10
8.2700	4.8850	6.1268	9
5.1000	3.8140	4.8799	10
6.5100	4.9120	4.9329	9
2.1100	1.9940	2.0418	10
5.6400	3.9100	5.0542	10
4.1100	3.2880	3.6808	10
7.3400	5.1260	8.0157	6
7.3900	4.4130	6.3889	8
7.2300	4.5080	6.3773	7
6.5000	7.4000	14.2889	4
4.1200	3.4410	4.0384	8
6.6400	6.3730	7.4240	6
2.8200	2.4390	2.7571	11
1.1200	0.9840	1.0854	11
5.5500	3.9490	5.1575	8
3.5200	2.9630	3.5204	9
6.8100	4.3830	6.0340	8
3.1000	2.7340	2.8529	9
5.5300	4.8430	5.3214	7
7.8800	4.8090	6.1481	8
6.4700	5.6250	7.0896	6
5.3400	3.9240	5.1799	9
4.5900	3.3290	3.8826	11
8.1900	7.2280	7.8501	8
6.0400	3.8020	4.7567	11
6.4600	4.1730	5.0124	9
4.4900	3.3790	3.9473	11
5.8000	4.3330	5.1837	8
5.1700	4.0770	4.8422	10
8.0200	5.3420	6.1864	11
5.5600	4.6590	5.6430	8
3.5000	2.8110	3.1949	11
2.5400	2.3300	2.4699	10
6.8600	5.6040	5.6331	9
6.8400	4.7250	6.6667	8
6.2500	5.1720	5.5052	9
3.4800	3.0600	3.2216	11
2.7900	2.3450	2.6276	9
6.6100	4.4840	5.1552	11
4.0100	3.7580	3.8362	11
5.4700	3.9440	5.3533	8
6.0500	4.6590	6.9381	6
1.5200	1.4890	1.5152	9
7.0300	4.7380	6.6679	9
6.2100	4.8940	6.5430	9
7.5600	7.5390	7.5934	7
5.9100	3.8500	5.0530	8
8.3600	5.1590	7.7300	6
2.5300	2.3460	2.4171	11
5.6900	5.1290	5.5307	7
5.6500	3.6460	4.6946	9
5.1100	3.7610	4.8890	11
6.5800	4.7300	6.7877	8
6.7700	5.5220	6.1029	8
5.3900	4.0890	4.7430	9
5.9000	3.9500	5.2194	8
1.0600	1.0120	1.0465	11
2.7300	2.3490	2.5412	9
6.5400	4.0920	5.7128	8
6.3700	4.6990	7.0582	8
1.3700	1.2950	1.3523	9
2.2800	2.0210	2.2138	10
4.7000	3.3300	4.0061	11
5.9100	4.4830	6.4895	9
6.9200	5.4510	6.7499	6
5.4100	3.6710	4.8093	10
6.9200	4.4420	6.3744	9
1.0900	1.0410	1.0774	11
5.1600	3.9970	4.0075	11
8.6000	6.1940	7.5492	8
5.0800	2.4930	4.6760	9
5.6600	4.2050	5.2681	8
5.5300	4.1350	4.8680	10
5.4500	3.7800	4.7420	9
6.0600	4.2770	6.0874	10
7.4900	5.5130	7.6687	6
1.5500	1.4420	1.4749	11
6.7300	6.2560	7.3264	6
3	2.7050	2.8441	11
5.8700	4.2070	4.7461	9
6.0500	4.1530	5.6648	8
6.9300	4.1570	5.6424	8
7.8500	4.5340	5.9682	9
7.2100	5.8300	7.5096	6
4.0100	2.9100	3.6891	10
1.4100	1.3120	1.3406	11
4.8000	3.4160	4.3096	8
7.0300	4.0470	5.5696	9
4.9300	3.5490	4.2347	11
2.2500	2.0980	2.1986	11
8.2100	4.3600	6.2362	11
4.9700	3.7060	4.0509	11
6.6300	4.9120	6.0954	8
8.8900	4.3640	6.1087	9
5.6300	3.8740	4.3435	11
5.5800	3.9110	4.0724	11
2.9500	2.7380	2.8311	9
8.5600	5.1810	7.7417	7
8.9400	7.8300	19.6960	5
6.2300	5.9440	6.4815	9
4.5500	3.1390	3.8345	11
2.6300	2.4100	2.4950	9
5.4200	3.9230	5.3106	8
1.8200	1.6880	1.7492	11
3.5000	2.8010	3.2923	8
5.9000	4.0340	5.5451	10
4.9500	3.3000	4.1065	9
7.6700	6.5330	6.9130	7
7.5900	4.7000	5.9825	9
4.6100	3.0710	4.1716	11
9.3600	6.3900	7.9898	9
6.0700	3.9810	5.3908	10
5.0900	3.4990	4.3400	11
6.4700	4.3880	5.9730	8
5.3400	4.0490	5.0906	10
4.7000	3.4590	4.1946	11
6.8700	5.1000	7.3031	7
4.1600	2.9720	3.5828	11
3.1400	2.5190	2.8532	11
5.9000	3.6090	4.5190	11
8.9500	4.9430	6.4500	10
8.3700	5.9550	8.5382	6
5.3000	4.2610	4.4752	9
6.5900	4.7720	5.4377	9
5.4500	3.7190	4.8583	10
6.5800	4.7200	7.0814	6
7.2900	4.8920	6.4462	8
9.5100	5.4750	6.6253	8
5.8900	3.8280	4.3344	10
4.9300	2.7170	4.5304	10
5.0400	4.2780	5.7214	9
3.6300	3.1000	3.7801	10
6.1000	4.0070	5.4246	8
2.4600	2.0170	2.3360	11
8.1800	6.2740	6.4931	8
6.0100	4.3430	5.7844	10
6.8500	7.9890	9.3515	6
5.2800	4.6640	5.2433	9
7.0100	5.1480	6.5052	8
3.3800	2.8070	3.2307	11
7.2300	5.1100	7.5628	6
6.0700	3.8070	5.0558	11
6.2400	4.2260	5.5496	8
8.8000	4.9950	8.0160	6
1.2600	1.1880	1.2351	11
5.0600	4.2670	5.9480	9
6.0300	4.1360	5.7516	9
7.4700	4.7440	7.1613	6
5.9900	4.8290	6.3649	8
2.9800	2.8200	3.0910	6
6.0800	4.1380	5.4383	9
11.7900	5.7100	10.7338	5
4.5100	3.6060	4.1946	11
12.9400	7.8290	15.2110	5
6.4700	4.9970	6.2313	5
1.1600	0.9230	1.1310	11
7.6000	5.8430	8.6256	6
4.6800	3.9510	4.1328	8
5.8300	4.3560	5.6214	8
6.1600	4.3450	5.7212	8
9.1900	4.4750	6.6053	8
3.1200	2.7700	2.8514	11
8.1900	4.1170	5.2265	10
2.8500	2.6800	2.8347	6
7.6900	9.7600	12.3395	6
5.0700	3.9160	4.6931	10
3.0300	2.6780	3.0755	10
3.8800	3.2550	3.5486	9
7.2600	5.3350	5.6070	9
4.2800	3.3510	3.9112	11
5.1200	4.1290	5.5592	9
5.0900	3.8150	4.9470	6
7.6800	5.0250	6.1308	9
2.2900	1.9880	2.1551	11
1.3900	1.3080	1.3494	10
5.9200	4.9120	4.9656	8
3.9300	1.8120	3.6647	8
5.2900	4.6520	4.7619	10
4.1000	2.9940	3.7118	11
4.9200	3.7980	4.1561	10
6.7400	3.9560	4.7686	9
7.1500	4.4190	5.7444	8
6.1000	4.5180	6.4496	9
4.6500	4.1850	4.5477	10
8.8600	6.6110	7.5642	8
5.1700	4.5020	5.6596	8
5.3100	3.2770	4.0662	11
3.9400	3.5970	4.0677	9
6.0100	4.3120	5.7048	7
5.1600	4.7420	5.0723	7
4.9600	4.0200	4.5371	10
6.8100	4.9890	7.0482	6
6.5800	4.2370	6.0141	7
6.0500	4.3050	5.6824	10
9.7100	5.4340	8.2624	8
7.0900	4.0620	5.4093	9
7.2600	5.5580	7.1358	7
5.6000	4.3950	5.3156	9
4.1700	3.2330	3.6675	9
7.7900	5.8310	8.3890	6
6.2800	4.1080	5.6848	8
6.3800	3.8230	5.0471	8
4.0100	3.6330	3.7212	9
5.3500	3.8330	4.6848	9
7.3500	2.8850	6.6739	8
2.8700	2.5190	2.7446	8
6.1000	6.0450	6.7011	9
4.6700	3.7420	4.4107	8
5.6800	4.0230	5.4568	10
6.4500	4.1290	5.3434	8
2.4700	2.1350	2.3065	11
7.9600	5.7650	7.3432	7
6.5600	4.4110	6.3278	7
4.0700	3.1360	3.6522	10
2.5700	2.2880	2.4032	11
4.1800	3.1440	3.8310	8
3.8700	3.0400	3.3941	10
6.7500	4.2530	5.2362	9
5.5500	4.1210	5.1346	9
6.7800	4.1400	5.6665	8
6.1700	5.6680	5.8395	8
1.1000	1.0670	1.0877	10
4.6600	3.5770	4.5190	9
7.2800	4.6290	6.8076	7
2.8300	2.4810	2.8289	9
4.6200	3.4230	4.1491	10
4.9600	4.5320	4.7392	10
6.9900	5.6360	7.1094	7
5.2700	3.9090	4.0891	11
5.3000	4.4560	4.5572	11
4.5600	3.6210	4.1331	11
5.2400	4.4700	4.6966	10
5.0900	3.4480	4.4245	11
6.0800	4.6200	6.0673	6
6.5700	5.6740	7.0562	6
5.8800	4.0200	5.5216	8
4.8100	3.5380	3.9739	11
5.1800	3.9220	4.1186	11
0.9200	0.8670	0.8942	10
6.9700	5.2790	5.4233	9
8.3200	5.3510	9.2661	6
11.3400	6.3420	13.9845	5
6.6600	3.9930	5.4639	8
5.5400	4.6390	4.7730	10
5.9900	4.4540	6.5393	9
6.7100	4.3990	5.3186	9
5.4500	5.2450	5.3296	9
4.7200	3.4550	3.8402	11
6.3300	5.4620	6.0246	9
4.2900	3.4040	4.3527	9
7.5500	5.7840	6.8618	7
5.7600	4.0100	5.4774	9
5.8600	4.7160	5.6265	9
8.6200	5.3330	9.1878	5
5.8700	4.2150	6.2255	6
3.9300	3.0520	3.6843	9
5.3700	3.8940	5.0243	9
8.4400	5.8070	8.9454	5
6.2600	5.3160	5.9018	8
7.4500	4.5380	6.2981	8
6.2700	4.7340	7.1169	8
6.0500	4.9930	7.5531	8
6.4500	6.4870	8.7707	6
6.3200	4.4160	5.6138	10
6.9200	4.1180	6.0096	10
2.1700	1.8840	2.0368	11
6.7600	3.9960	4.8090	9
5.7600	4.2460	5.1032	8
2.9800	2.2850	2.7729	10
2.3100	2.0220	2.1838	11
6.1700	4.4660	4.9081	9
4.0400	3.2630	3.8564	8
2.5100	2.1480	2.3828	8
0.8900	0.7190	0.8697	9
4.0900	3.6830	3.9821	11
5.8000	3.5990	5.1740	9
2	1.7670	1.8975	11
3.6900	3.1400	3.7862	8
7.7200	4.8650	5.2808	9
5.3400	4.0580	6.0613	6
3.0500	2.3650	2.6122	7
1.2900	1.1380	1.2535	11
4.8200	3.8190	4.2625	11
4.2200	3.5670	4.0275	9
4.5900	4.0250	4.5446	8
6.6900	5.8390	6.3927	8
7.0400	5.9480	6.5862	7
6.1200	4.6910	7.1014	6
5.0900	4.0030	5.1822	8
1.9200	1.6880	1.8038	11
3.7000	2.9590	3.5008	8
5.5500	3.9370	5.3105	10
9.6600	6.0720	11.6638	5
10.6400	6.8310	17.7097	5
3.8600	3.1270	3.4412	9
2.7300	2.2860	2.5173	9
0.5600	0.3510	0.5513	11
9.8100	9.1480	10.3372	5
7.1900	3.8980	5.1865	10
0.8000	0.7810	0.7880	11
9.9200	8.6530	9.5559	6
6.3200	4.6280	5.0532	9
4.8300	4.0290	5.5005	9
5.9600	5.2850	7.4111	6
6.6400	4.2170	5.8358	8
5.2600	3.4080	4.2337	9
7.2200	4.3020	6.1197	8
8.4400	5.4100	7.6332	7
6.5000	3.9610	5.2833	9
7.3500	4.6160	6.9320	7
5.8100	4.7540	4.8160	10
7.0300	4.9060	7.8181	5
5.3600	3.4960	4.4592	11
4.8300	4.2050	4.4065	9
2.9100	2.6710	2.7743	11
6.2400	4.6640	6.9690	6
6.1000	2.6380	5.4728	9
5.6100	3.7770	4.6614	11
1.8600	1.7030	1.8008	9
7.1100	3.8850	5.1004	8
3.8400	2.8230	3.5336	11
2.4900	2.2270	2.3611	10
2.4200	2.0950	2.3238	9
6.2800	4.0270	5.5316	9
2.4000	2.1690	2.2881	8
5	3.8210	4.4131	11
5.1600	3.4510	4.3358	11
3.5100	3.2680	3.2995	11
9.2400	5.6790	6.1530	9
10.6900	7.3630	15.8113	5
5.7400	3.8170	5.2593	9
8.5500	5.3370	7.8802	6
4.9700	2.2920	4.5785	9
7.1200	5.0970	7.4900	7
3.9700	2.9190	3.4812	10
2.7100	2.4330	2.6199	9
6.4000	4.1140	5.4785	8
4.2700	3.2640	4.0520	11
1.3300	1.1530	1.2833	11
4.7300	3.2680	3.9266	11
5.8800	3.9110	5.7942	6
5.5200	3.8240	4.8858	10
4.9600	3.7330	4.4952	9
2.9200	2.6000	2.6935	11
3.0500	2.3420	2.8285	11
5.7400	4.2750	5.8363	9
4.7900	3.4630	4.3153	9
5.4700	4.1200	5.2774	9
8.2300	5.3300	8.0948	7
6.0800	3.8150	5.0930	8
3.2200	2.9910	3.0997	9
3.4100	2.4790	3.1336	11
5.0500	4.2500	4.8887	10
7.7900	6.9710	7.5346	7
6.9700	7.5670	7.6217	6
1.9800	1.8500	1.9575	11
5.2800	4.1640	5.7882	9
4.7100	4.0110	4.0239	11
5.6300	3.9850	5.3234	10
4.8600	3.3450	4.0933	11
9.4600	5.4880	9.0587	5
3.3400	2.6530	3.0963	9
4.9100	3.9550	4.3153	10
6.7200	4.1380	4.6316	11
4.2300	3.4860	4.2002	9
2.2500	2.1430	2.2100	11
6.9100	2.4660	6.4441	7
5.6300	4.5570	5.5792	9
7.9200	5.1280	7.7991	7
6.1400	5.2260	6.3260	8
6.4800	3.6440	4.7490	8
2.3500	2.3140	2.3481	9
7.0600	4.2090	5.6775	8
6.7000	4.9340	7.5570	8
6.2200	5.3970	7.1126	8
5.5800	3.7450	4.7176	9
3.2500	2.5190	2.9825	11
5.4700	5.3160	7.9195	5
6.7700	4.3130	5.7242	7
5.0900	4.2190	6.1592	6
5.9200	4.4230	4.8271	9
1.5100	1.4600	1.4653	11
6.1000	4.6290	6.7673	9
10.7400	7.2930	8.2685	8
7.0600	4.7440	5.9583	8
4.4700	3.3870	4.2350	11
3.9700	3.2030	3.9171	9
5.2200	3.3470	4.1783	11
3.9300	4.1560	4.6105	8
0.9200	0.8780	0.9067	11
5.1000	3.2830	4.0154	11
3.8200	3.2340	3.4393	9
1.7600	1.6410	1.6732	11
8.2900	4.8280	7.5680	8
4.9700	3.6790	4.3399	11
5.6300	5.9290	6.2912	9
6.8000	6.2610	13.1528	5
1.7200	1.6400	1.6723	11
6.4600	4.5740	6.5885	9
1.7500	1.5650	1.6692	11
4.2600	3.2260	4.0307	10
3.9600	3.2330	3.6872	8
6.8500	4.9900	5.9596	8
6.1300	4.5010	5.9010	8
7.4100	7.1350	7.6070	6
7.6600	5.9180	7.4074	7
6.0100	4.1510	5.7628	9
8.9700	8.4180	8.7223	6
9.9100	6.3130	10.3596	6
7.0600	4.9090	7.6382	6
3.5400	3.2350	3.3905	11
6.7100	6.5050	8.2717	7
6.1300	5.0470	5.9284	9
8.0500	7.4320	7.7628	7
5.1100	3.4630	4.1985	10
4.6600	3.7600	4.3389	11
1.9000	1.7420	1.8123	11
5.0300	3.6550	4.3516	11
4.0700	3.0660	3.5771	10
4.9600	4.6640	4.7410	10
4.0300	2.9610	3.5178	11
7.7200	4.8080	5.8551	9
7.4100	4.0870	5.6196	8
6.0200	3.8520	5.0896	9
5.1800	3.7510	4.9546	9
4.9700	4.5140	4.5794	9
5.0900	3.6380	4.6109	11
1.6000	1.5690	1.5824	11
7.9600	7.1330	7.8703	6
7.9600	4.8210	7.2456	7
1.9200	1.7230	1.8472	9
2.4100	2.0440	2.2557	9
7.6800	5.5690	7.9216	7
6.7900	4.1970	4.9160	9
7.5900	5.8330	7.7095	6
5.3300	4.0450	4.5524	9
3.7700	3.0900	3.3458	9
5.4000	3.6660	4.7724	8
4.4100	3.5990	4.2120	8
6.6300	4.6140	6.9344	6
4.0300	3.3810	3.8960	11
8.2800	4.9260	7.7586	6
1.7200	1.6500	1.6959	11
4.9800	3.5600	4.5676	11
6.2000	3.9490	4.9984	8
7.5900	5.4260	7.8555	6
5.2800	4.4810	5.0926	10
5.0300	2.0770	4.6041	11
5.5900	3.9440	5.2321	9
1.0100	0.7470	0.9767	11
5.0900	3.0620	4.6582	11
2.1400	1.9380	2.1190	9
4.7400	3.5390	4.1484	9
5.3700	3.8340	4.3772	11
9.0700	5.1370	8.5542	7
3.5700	3.2590	3.4065	9
6.4400	5.1000	8.1861	6
1.6500	1.5450	1.5878	11
4.9800	3.9750	4.9356	9
4.6500	3.1380	3.8268	11
6.7700	3.8490	4.9301	9
8.9500	5.1780	8.6248	8
5.9000	4.2570	5.5871	9
5.9000	4.4800	5.2801	8
7.0400	4.7940	7.4695	6
6.1200	4.3420	5.1559	8
2.0500	1.8090	1.9557	11
6.9100	3.8480	4.9499	9
8.4500	5.5820	7.9522	7
7.5300	5.1430	6.2813	8
5.4200	6.4140	6.6536	8
2.0700	1.9610	2.0150	11
5.4700	1.8360	5.0271	9
1.8600	1.6750	1.7869	10
5.7700	4.8170	7.3372	6
6.8500	5.2880	6.3274	7
3.1100	2.4790	2.8198	11
8.5100	6.7300	7.3622	8
4.9600	3.3920	4.4152	11
4.2200	3.6160	3.9454	11
6.7900	4.7780	6.2546	8
5.9400	4.9160	6.1023	9
7.8500	6.0480	7.3564	7
2.3400	2.1250	2.2098	10
8.7800	5.3110	5.9626	9
5.3500	4.1300	5.4720	9
1.2900	1.2020	1.2478	10
5.5500	4.3830	6.1049	9
2.1700	1.8750	2.0381	11
6.0300	4.3780	6.0627	9
6.5900	5.3250	7.3582	6
6.6700	4.0680	5.5151	8
4.1700	3.9850	4.0173	11
6.0200	4.5670	6.6314	9
5.0100	4.0640	4.4017	11
5.9300	4.6290	5.5733	9
5.7300	4.6390	5.1271	8
1.2500	1.1780	1.2217	11
6.9600	4.6390	6.9337	5
6.4200	3.8840	5.1620	9
4.8300	3.5120	4.5263	9
3.6500	3.0020	3.5382	11
7.1600	4.2610	5.5946	9
4.9200	3.8130	4.1404	11
4.6700	3.2380	4.0017	11
6.9800	4.9560	7.6889	6
4.4500	2.3380	4.1154	11
6.2000	3.6550	4.6796	9
5.8000	5.7920	7.0457	8
6.9000	4.6570	6.9000	9
6.1000	4.1610	5.7390	8
3.0300	2.6520	2.7939	11
7.5500	4.7310	7.2799	6
6.7200	5.0750	6.7153	6
4.9800	3.6380	4.5293	10
6.9900	5.4280	6.6502	9
5.3300	4.6640	4.7747	10
3.8900	2.9810	3.5296	9
8.2400	4.6850	6.4375	8
4.6800	3.4500	4.5126	9
5.6300	5.1020	6.9309	8
7.1600	4.6160	4.8408	11
1.2900	1.2410	1.2533	11
6.0400	3.6730	5.4302	9
5.8100	3.8340	4.8758	9
7.1600	4.4050	5.5933	8
8.2000	8.4040	9.5794	6
5.0900	3.6780	4.7874	8
7.7900	7.3760	11.0324	6
6.0800	4.5170	6.6865	9
4.1700	3.6170	3.8030	10
5.0900	3.6920	4.5745	8
1.7300	1.5500	1.6651	11
8.3100	5.3160	7.9659	6
4.1300	3.5320	3.9439	7
2.0800	2.1260	2.3479	7
5.4900	4.1700	5.4131	9
4.6000	3.3250	4.0572	11
4.1700	3.2420	3.7717	10
3.6200	2.9050	3.2888	10
7.7900	5.7120	8.4335	6
5.7900	4.4500	6.0858	9
2.1900	1.9560	2.1420	9
7.8000	6.0100	6.4752	9
6.8600	5.2050	7.4218	6
11.0600	10.3020	15.9045	5
7.6400	7.5050	7.5584	6
5.2800	3.7980	4.9080	9
3.4600	3.0890	3.2666	9
5.6800	3.8890	4.8464	8
6.8400	4.6960	5.2863	8
6.7000	3.8940	5.1970	9
6.3100	5.0550	7.3219	6
10.1100	7.9750	19.1007	5
5.3700	4.0500	5.1734	9
9.4700	6.7120	8.5454	6
3.7000	2.8970	3.4083	10
1.1600	1.1050	1.1328	11
4.4700	3.8070	4.0633	11
5.5600	3.6980	4.7123	8
6.2200	4.2580	6.0062	10
6.5300	4.5580	6.1470	7
5.4500	5.7490	6.8304	8
5.7800	3.9190	5.2289	8
6.1600	4.6040	5.2921	8
3.9400	3.0980	3.5103	11
6.5600	8.6770	14.7648	4
5.8700	5.2080	7.1594	8
5.5400	4.1800	5.5807	8
6.7600	5.8570	6.1254	10
5.1100	3.4030	4.2488	10
8.5600	7.0980	9.8493	6
3.5700	2.9060	3.4509	11
3.0700	2.6020	2.8970	11
5.8500	3.7110	4.8560	9
6.4400	3.7720	4.8707	10
6.1200	3.6490	4.6793	9
5.3300	3.6620	4.7794	9
7.0700	4.9860	7.0397	7
8.3000	5.5240	9.5402	6
9.8500	5.7470	10.7803	7
5.4700	4.2920	6.0569	8
5.6000	3.1740	5.4253	8
6.8400	5.6480	6.8993	9
6.5200	3.8980	4.7984	9
8.7500	5.9780	8.6668	6
5.1000	3.6640	4.7446	10
8.5900	5.5120	8.3846	6
4.2100	3.5510	3.7792	9
5.8200	3.9420	5.3488	8
8.0400	5.2790	7.8256	7
5.0500	3.8460	4.1090	11
8.2600	6.0270	8.3115	6
5.8100	3.8740	4.9396	9
2.3100	1.9810	2.1431	11
6.1900	4.2590	5.9946	9
6.1500	4.7280	7.0471	6
7.0500	4.7900	5.9630	8
10.0800	6.9280	9.5817	6
5.5500	4.2530	5.2358	10
2.9900	2.6610	2.9438	10
3.3800	3.0140	3.1719	11
6.8900	3.5950	4.6136	11
8.9500	5.4320	6.5077	8
6.2800	4.4040	5.9918	7
4.7900	3.3590	4.2029	9
2.8400	2.4970	2.8194	10
5.3000	3.8110	5.0703	10
4.5300	3.2210	3.9796	9
4.5900	3.5270	4.0884	10
5.7800	4.1600	4.4827	9
4.9600	4.2800	4.9177	8
5.8400	3.9640	5.4069	9
2.3400	1.4600	2.2199	11
6.2900	2.8750	6.3819	5
5.4100	4.2090	4.7035	9
4.0400	3.1550	3.4148	11
5.0800	3.5530	4.6136	9
7.0500	5.6070	7.4619	6
7.0600	5.6730	7.2589	8
4.8700	3.3850	3.9755	11
5.8900	4.6500	6.1662	8
4.9600	3.2440	4.4223	11
2.5500	2.1150	2.3438	11
8.5300	5.1240	8.3268	6
5.3500	4.0630	4.3446	10
6.4700	3.7130	4.5499	9
3.8400	3.4160	4.2624	9
6.8400	4.0490	5.4598	9
5.4500	4.6120	4.8026	8
9.6700	7.1760	8.8246	6
5.2900	4.1520	4.6690	11
4.2100	3.9580	4.0287	10
3.0500	2.5620	2.8236	11
6.8800	3.6480	4.5356	9
2.1300	1.9180	2.0100	11
9.3400	5.0720	7.1227	8
8.7500	5.6830	10.5511	6
6.3200	4.7450	4.8559	9
0.4200	0.1400	0.4126	11
5.4300	3.7480	4.8473	8
4.7800	3.4540	4.3094	8
1.2800	1.2150	1.2529	11
7.0900	4.8670	7.6940	6
6.8400	4.3660	6.3281	7
6.0900	4.0920	4.8665	8
5.4200	3.5140	4.5020	9
5.7200	5.4770	5.5909	7
5.8000	4.2410	5.2978	8
8.0300	6.7950	7.5279	6
6.2200	4.5970	5.1950	8
6.6600	4.8510	6.8350	9
9.5300	5.7280	9.4217	6
5.0900	4.5530	5.3732	10
6.9200	4.1160	5.7380	9
7.0300	3.6780	4.8111	11
8.2900	4.5930	5.4343	8
4.2100	3.3680	4.2134	9
4.1400	3.5640	4.2142	9
7.2100	5.0170	6.7611	7
4.3400	3.1580	3.7138	11
1.9600	1.8510	1.9244	9
5.8600	3.8500	4.9949	9
5.6200	5.0870	5.6054	9
5.4800	3.5850	4.6299	9
2.5500	2.1170	2.3535	11
7.9800	5.6750	7.2731	7
8.4200	5.5250	8.7191	6
2.5100	2.3160	2.3358	11
5.8500	3.4080	4.0423	11
0.5800	0.5440	0.5651	10
8.2400	4.8080	6.5752	8
2.9900	2.6150	2.9406	9
1.6400	1.4370	1.5952	9
4.7000	3.7950	4.6724	10
5.9500	4.6880	6.7361	6
4.6800	3.4150	4.3054	11
7.8300	5.7630	7.5122	6
2.8500	2.3040	2.6207	11
6.4000	4.9610	5.4343	8
3.6000	3.3450	3.4341	10
9.1700	5.3610	8.5845	5
5.7200	4.2640	5.9577	9
11.4700	4.9750	8.0305	8
5.9000	3.6130	4.6622	9
2.7000	2.3670	2.5170	11
5.9900	4.5740	5.3761	8
5.6200	5.2420	5.4410	9
3.7700	3.3100	3.5353	11
7.3300	5.4010	5.8551	8
8.8600	5.0980	7.8980	7
6.2800	4.1850	5.6941	7
7.0100	6.0800	7.7561	6
6.0200	6.1380	6.3462	9
3.1600	2.6530	2.9017	9
5.3600	3.6530	4.6467	9
6.4300	5.0390	5.6527	8
5.5500	3.6420	4.6986	9
4.7700	3.6320	4.3113	8
4.9000	3.3420	3.7660	11
8.3200	5.3160	7.8299	7
7.4500	4.5200	6.3910	8
4.2900	3.9050	4.0293	11
6.1200	5.3810	6.5743	9
6.4800	5.1260	7.1444	6
8.0800	4.9950	8.0857	8
4.0500	3.0820	3.7372	10
5.8000	4.7310	6.8388	8
3.1100	2.5710	2.8353	11
5.2500	4.0160	4.1296	10
7.5900	7.1940	7.6767	6
5.6200	3.6670	4.6554	9
6.9400	5.9440	7.2044	6
4.7200	3.4630	4.2465	9
9.6900	4.6330	6.5103	11
3.9600	3.2180	3.5184	9
6.6800	5.2180	6.0949	8
1.0100	0.9610	0.9845	11
5.9500	5.2940	5.5205	8
5.3900	1.9600	4.8840	11
7.9900	5.2300	7.6415	6
10.7100	6.8420	10.4386	6
3.2300	2.9540	3.0314	10
9.4000	4.8550	7.6398	7
6.4000	4.7020	4.9836	11
7.0400	4.1770	5.6765	11
7.4700	4.7560	5.0463	9
1.5300	1.4390	1.4826	10
5	3.7040	5.0035	7
6.3900	4.9150	5.5536	8
9.2200	6.6050	12.7665	6
7.4200	4.5390	5.5180	8
7.4100	4.8940	7.3614	6
7.6200	5.0530	6.8785	7
3.2200	2.9640	3.0664	8
6.1300	4.6070	6.9525	9
5.8700	3.7580	4.7747	11
6.3300	5.2070	6.7419	9
6.1000	4.1050	5.3141	8
4.8500	3.4230	4.3455	9
3.9700	3.5190	3.7414	11
4.3100	3.7200	3.9361	9
7.2200	4.8750	6.5039	8
1.4100	1.3440	1.3892	11
6.7000	6.0010	7.0128	9
7.0800	4.1100	5.2911	9
5.5400	3.4630	4.4003	10
5.5900	4.2980	6.0701	9
5.2300	3.7400	4.4330	9
9.6200	6.7920	7.1344	8
5.4700	4.1690	5.6596	9
5.1100	3.3630	4.1100	11
5.3500	4.3580	5.9984	9
5.7800	4.8970	5.0831	9
1.7000	0.9250	1.6463	11
7.2400	5.3480	7.5393	6
6.2700	4.2400	4.3238	11
6.6300	6.3540	7.3227	6
7.6500	4.1410	6.5682	8
5.2000	3.8030	4.2658	11
11.1500	5.7110	10.2219	6
7.6500	4.2380	6.6853	8
10.2100	5.5160	9.5986	6
4.2200	3.5590	4.2036	8
4.7900	3.2820	4.0569	11
7.4200	5.0850	7.0802	6
3.6700	0.4990	3.3919	11
6.3100	5.6700	7.8954	6
6.7500	5.2850	5.6727	9
6.8100	4.0240	5.9305	8
10.3700	6.0910	9.6862	6
5.6500	4.7710	5.0609	8
5.0700	3.7840	5.0278	9
7.8300	6.8850	9.4737	5
3.1300	2.8820	2.9370	11
6.3100	3.7740	4.5954	9
4.4100	3.2960	3.8711	11
1.6500	1.4590	1.6023	11
6.3800	4.8680	7.1645	6
1.7300	1.6660	1.6981	11
5.2300	3.8390	4.7719	10
5.5400	6.9130	9.1044	5
3.4100	2.8470	3.1633	11
3.5700	2.9230	3.4186	11
4.3500	3.7290	4.4799	9
4.7800	4.1150	5.0422	7
7.5300	4.6750	6.7887	7
9.7500	6.7490	7.1612	8
13.6500	6.8520	13.6842	6
0.8300	0.7730	0.8061	11
7.0700	6.6860	13.0877	4
8.2700	5.7710	7.8538	7
1.3400	1.1750	1.2929	11
2.9100	2.5930	2.7772	11
1.3200	1.2370	1.2854	11
6.9800	5.0540	5.1263	9
7.1500	4.5300	6.0084	9
0.9300	0.6780	0.8960	11
4.5500	4.0230	4.5215	9
5.6500	3.7320	4.3809	9
7.5800	4.6310	6.4919	8
2.6600	2.1950	2.4355	11
10.0600	5.4060	8.6987	6
3.5000	2.8790	3.4093	11
5.5500	4.4600	4.7038	9
2.0700	1.8840	2.0158	10
7.8100	4.3560	7.1730	7
10.1000	6.5580	9.5077	6
6.8800	4.5300	6.3288	8
3.2200	2.6650	2.9840	10
2.9200	2.5370	2.7469	8
8.0700	4.7650	6.2939	8
5.4200	4.4150	5.2387	10
6.8200	4.6740	5.9017	8
7.0100	4.8610	7.4638	6
3.8100	3.0980	3.6438	10
6.4600	4.6350	6.2470	7
6.9600	5.2410	5.5002	8
5.9500	4.9120	5.1302	8
5.2300	1.1790	4.8336	8
6.5100	5.7280	6.2035	7
6.2700	4.3070	5.4899	10
6.9500	5.1060	5.6855	8
6.0700	5.0240	5.8500	8
5.3600	3.9600	5.3956	9
5.0700	5.1950	5.2730	9
5.2000	3.3950	4.7658	8
5.6600	4.3610	4.7760	8
2.0800	0.9050	1.9798	10
5.6800	3.6580	4.5458	9
8.5500	4.5890	6.2123	8
3.9700	2.9960	3.5377	11
7.3400	6.3950	7.0856	9
6.3000	4.2250	4.9798	10
8.2200	5.0300	8.1177	6
9.9300	6.1480	10.1069	6
9.8500	9.2320	14.6927	5
3.6700	2.9750	3.5180	9
1.7100	1.5850	1.6681	9
0.4400	0.4120	0.4313	11
6.8200	5.7170	6.4002	7
7.5800	4.0050	6.8997	8
5.5800	3.7960	5.0502	8
5.1100	3.9120	4.8226	8
4.3800	3.2050	3.8799	9
8.6000	4.6010	6.7156	8
3.9400	0.8150	3.6788	9
3.6000	3.2590	3.5531	9
7.3200	4.9670	7.9826	6
5.0100	3.4600	4.4985	9
3.2300	2.8180	3.2433	10
5.0800	4.9380	4.9590	7
5.0600	3.6740	4.4343	8
3.4500	2.8060	3.2538	10
4.6900	3.3060	3.7448	11
5.0800	4.6700	4.8353	8
6.5500	4.6960	5.3887	8
10.0400	6.6240	8.9149	6
6.9000	5.1830	6.9902	7
4.2900	3.2930	3.8113	11
4.7100	4.3340	4.7929	9
5.9700	5.2340	5.3881	10
5.0400	2.6480	4.5557	10
6.0400	4.5590	5.1997	8
5.4400	3.8630	4.5546	9
11.8700	7.0470	10.9593	6
5.4600	3.8990	4.5660	9
7.8200	4.7210	7.2548	6
7.3400	5.6840	5.8565	8
7.9300	5.1780	7.5726	6
6.3300	4.1440	5.4084	8
2.5600	2.1510	2.4261	11
5.0800	3.9110	4.8969	8
1.1400	1.0810	1.1068	11
1.4400	1.3700	1.4000	11
8.6000	5.5770	9.1005	6
5.9700	4.7270	5.6609	7
5.6400	3.0620	5.1096	9
4.6000	3.2180	4.1027	11
4.5700	4.0450	4.2887	10
4.3300	3.3760	3.8845	11
9.6300	5.3450	9.2757	6
4.8700	3.3770	4.0428	11
5.2300	2.7940	4.7832	8
5.7700	4.7270	4.7423	9
10.0700	14.6920	15.9008	5
5.7100	7.1150	8.9386	7
7.4500	4.1100	5.7215	8
5.9200	4.1710	5.7988	9
4.1100	1.7770	3.8010	11
5.9600	5.1210	6.2461	9
1.2300	1.0680	1.1871	11
5.5300	3.6310	4.6156	9
5.9100	4.1130	4.9234	8
9.7700	7.2090	20.7475	5
6.4600	4.5100	5.8031	9
7.8000	5.4930	7.7412	6
4.5000	3.3720	4.2056	11
6.4700	4.1320	5.5148	9
8.4600	4.5450	6.0650	10
6.7700	4.4500	6.5209	7
4.8600	3.3650	4.1253	9
4.4500	3.2250	3.8793	9
9.3400	6.7700	8.4871	6
7.0500	4.1350	5.7331	8
7.2200	7.1760	7.3598	6
5.0800	3.7850	5.0317	9
7.6600	2.6690	7.5617	5
6.4100	4.6010	6.5670	9
9.2800	4.7660	7.3657	7
2.2200	1.3620	2.2026	7
5.4900	4.3830	4.9855	8
0.3700	0.3200	0.3636	11
8.2000	5.8730	8.1148	6
9.4500	4.5040	6.5835	11
1.2700	1.1980	1.2458	11
8.3600	4.0980	5.2572	11
5.1500	2.1250	4.6908	11
4.8800	3.6900	4.9523	8
7.3000	4.7260	7.2637	7
5.0100	3.9510	5.3326	9
6.8900	4.6420	5.7836	9
2.1600	1.9430	2.0489	11
8.3600	5.0780	8.1410	6
7.1000	5.2800	6.2754	9
0.8000	0.7710	0.7886	11
6.8700	4.0130	5.4188	9
1.2800	1.2240	1.2581	11
4.8400	3.6910	4.8126	9
5.8300	4.1980	5.3164	10
6.3400	3.6530	4.5862	9
3.0400	2.6680	2.8712	10
1.1700	1.0410	1.1388	11
7.6700	4.7940	7.4250	6
6.6400	4.2520	4.3979	11
8.4600	6.5100	8.0250	7
6.1300	4.6240	6.9517	6
6.2400	5.2920	6.7039	9
5.7100	4.2120	5.1367	8
1.1900	0.7320	1.1537	11
6.7100	4.1930	5.8865	8
2.7600	2.3410	2.5153	10
2.2200	2.0900	2.1095	11
5.5400	3.7420	4.7270	9
7.5700	6.6290	7.2551	6
4.3500	3.1120	3.8048	11
9.7400	6.2630	9.5518	6
7.1000	5.2350	6.2899	7
9.8100	5.6210	8.1222	8
5.5800	3.8290	4.5592	9
5.5600	3.5710	4.5247	9
2.1000	1.9500	1.9548	11
3.9800	3.1110	3.6494	8
5.2400	4.0010	5.0182	10
7.5900	5.1150	8.1298	6
6.8100	4.3910	5.9388	8
5.0800	3.6340	4.7037	10
4.4900	3.7280	3.8993	9
5.5700	3.7990	5.0253	10
7.7100	5.9500	6.1429	8
6.3200	3.9510	5.0463	9
6.9700	5.6810	6.8969	7
6.8300	4.1940	5.9093	8
6.0300	4.0150	5.4625	9
8.5400	4.8850	7.7411	7
4.2700	3.1740	3.9035	8
3.4100	2.6710	3.0671	9
5.4000	3.7410	4.4854	11
1.3200	1.1040	1.2991	9
6.2100	2.0190	5.6599	8
8.0100	5.7540	8.0156	6
6.8600	4.0670	5.4801	8
4.9700	3.8940	4.5157	9
4.1800	1.7050	3.8924	9
6.0100	5.0630	5.5178	8
6.0300	5.0500	7.3367	8
5.0600	4.1080	4.7215	11
6.6300	5.1470	5.9159	9
3.9000	3.1210	3.7941	8
7.7800	4.7060	6.5687	7
5.3100	3.6540	4.5871	8
7.3100	4.0070	6.2650	9
6.5100	3.9540	5.3722	8
11.2200	8.8890	10.5086	5
9.7100	5.9060	7.9885	7
7.0900	3.7970	5.0506	9
2.4900	2.1270	2.3341	11
3.1300	2.5700	2.8684	10
5.6900	3.9580	5.3877	9
6.8000	3.6710	4.7327	9
5.0500	3.8050	4.2466	11
5.4100	3.5000	4.4472	11
3.7100	2.9570	3.4641	8
3.9700	3.0800	3.6160	9
0.9200	0.8790	0.8931	11
6.4400	4.8700	6.3100	9
13.4600	10.5530	11.3214	6
6.3600	4.1180	5.8785	9
5.9700	5.0420	5.7659	7
5.4300	4.5110	5.0203	9
6.3700	4.3840	5.6743	8
6.7900	4.9760	6.4470	7
5.9300	5.4550	5.7780	9
3.6800	3.0190	3.6479	8
5.0100	1.7720	4.5307	11
2.3000	2.0010	2.1828	11
5.6700	3.9170	5.1942	8
7.9400	6.7080	6.7528	8
7.4700	5.0120	7.7193	7
4.8900	3.7790	4.0046	11
6.8000	5.8310	6.1706	7
5.4500	4.7880	5.1737	8
1.3100	1.2590	1.2922	11
5.7500	3.6650	4.7564	9
4.7200	3.5380	4.8124	9
7.9000	4.6430	6.8642	8
7.7700	6.8470	8.4899	8
5.4300	4.0350	4.5171	9
7.9400	6.0770	6.3368	8
6.1000	5.8790	6.3874	9
5.6600	4.0930	5.4702	8
5.9600	4.6500	5.6078	9
3	2.5250	2.8193	10
5.4200	3.9260	5.1836	9
10.6600	5.6000	9.8979	5
2.9900	2.5290	2.8814	11
2.9100	2.3460	2.6675	11
6.5200	3.9800	5.1635	9
4.5500	3.2150	4.1043	11
3.4400	3.1790	3.3385	11
4.2600	2.9580	3.8890	10
5.1600	3.7740	4.9138	11
8.9400	6.4700	14.2994	5
4.9200	4.4500	4.5964	11
6.0300	3.8680	5.1911	8
4.2400	3.4460	3.8250	10
4.6300	3.4670	3.9828	9
6.0600	5.6330	7.2644	8
6.8800	5.1610	7.1689	5
7.7000	4.3180	6.1649	8
6.8200	4.8190	5.4556	8
5.5600	3.8850	5.4930	9
4.2300	3.3360	3.9470	11
1.5800	1.5200	1.5585	11
5.3400	4.0060	5.1066	10
5.9300	4.5820	6.8420	8
6.0400	3.7130	4.8725	10
6.7600	4.0070	5.1493	9
5.4700	3.1740	4.9682	11
6.8400	4.4310	6.4389	7
5.4600	2.5780	5.0551	10
7.0600	4.5840	6.8784	6
5.9300	3.7400	4.8638	9
6.9600	4.5530	6.8249	6
8.9700	5.8490	9.9193	6
6.8800	5.3130	5.8975	10
7.5900	6.1590	7.9853	6
7.4500	4.4290	6.3938	9
5.8400	4.0210	4.3359	11
4.8100	3.3810	4.2104	9
2.7900	2.4190	2.7504	9
2.3400	2.1680	2.2140	10
7.7200	6.2560	7.4705	7
3.9400	3.0690	3.5724	9
5.2200	2.4340	4.7184	11
6.8600	3.8220	5.0860	8
5.4000	4.3280	4.5612	10
5.7100	4.5870	6.8886	8
5.0300	3.6190	4.2429	11
1.8000	0.7860	1.7117	11
2.5300	2.3290	2.3933	11
5.0900	4.6660	4.6882	9
3.9900	2.7920	3.6171	10
6.1600	4.2440	4.9734	8
4.7900	3.8840	4.0501	11
3.0400	2.5080	2.7574	10
4.3100	3.7190	3.7277	11
4.8700	3.8850	4.1405	11
3.8900	2.7410	3.5309	10
6.3500	4.2450	5.0413	9
7.7100	4.1790	6.7166	8
2.5800	2.3910	2.4448	10
3.2300	2.5410	3.0030	10
7.3900	6.0060	7.0307	7
6	4.3480	4.7345	9
5.2500	4.2610	5.0971	7
2.4900	2.2020	2.4445	11
9.9100	8.6380	8.9384	6
1.0900	1.0170	1.0700	11
6.6500	5.6570	6.8038	7
4.1500	3.5430	3.8091	9
6.9700	4.1570	5.6621	9
5.8100	5.4460	5.6000	9
4.9100	3.2120	4.4171	11
9.4100	6.1490	8.2609	7
5.8000	4.0770	5.1101	8
5.7800	4.2690	4.3537	11
8.5100	6.0320	7.8131	6
4.8600	3.3240	4.1588	11
8.2600	5.0170	7.9142	6
5.5700	3.8680	5.1824	8
7.0700	5.7370	6.3086	8
8.4000	5.9820	7.4501	7
6.7200	4.4310	5.4058	8
8.4600	4.9510	7.9774	6
6.1500	5.2970	6.3903	9
7.4900	5.5880	8.6480	6
6.5400	4.6120	5.8294	7
11.0600	8.0230	11.1223	5
6.2700	3.9880	5.6218	8
5.0200	3.4570	4.4171	9
5.9900	5.0410	6.0961	9
4.5100	3.1110	4.0944	11
3.0600	2.5020	2.8662	9
6.2500	4.1300	5.6185	8
4.7700	3.3050	4.0101	10
3.3700	2.8230	3.2827	10
5.0500	3.6670	4.6437	11
4.1100	3.8120	3.9455	9
2.5900	2.3720	2.5949	9
4.7000	4.1570	4.2801	9
5.3200	3.3990	4.7538	11
10.7000	4.1150	10.1585	6
6.2200	4.5220	5.6036	9
3.4100	2.7960	3.1995	10
4.2600	3.2080	3.9562	10
6.9300	4.7710	6.8866	9
7.6000	5.4520	7.3758	6
0.8900	0.8600	0.8725	11
5.6600	4.3440	4.8314	8
0.5400	0.4290	0.5327	11
5.7900	4.0540	5.1761	8
7.8700	4.9210	6.9621	7
6.9600	5.2350	5.8576	9
5.8100	4.2200	5.7851	9
5.9100	4.5820	6.8633	8
6.2300	4.1630	5.7600	8
3.6500	3.2030	3.4693	10
5.5300	3.3590	4.2053	9
3.2700	2.6130	3.0549	10
5.0700	3.7060	4.9171	8
5.4200	4.0420	4.7102	8
5.7400	3.6710	4.7192	9
5.5300	3.8870	4.5469	9
6.4900	4.3550	5.4314	8
4.4500	3.6600	3.8665	9
5.4800	3.9640	5.2370	9
9.1400	4.6360	6.2770	9
7.7900	5.8380	7.9167	6
4.9000	3.6780	4.2609	11
5.8400	4.9210	7.0634	8
8.0500	4.9140	7.2667	6
7.4300	4.1370	5.6830	10
7.2000	6.1720	6.7473	7
5.8100	4.0280	5.0017	8
6.7100	5.9590	7.2151	6
7.0600	5.0070	6.2533	9
0.9000	0.8570	0.8778	11
3.5200	3.0070	3.3208	8
5.5600	4.7510	5.0601	10
2.1900	1.9470	2.0625	11
6.8300	5.3200	5.5897	8
6.0900	5.6260	5.8665	9
6.6300	4.8720	5.7798	9
8.5900	5.1650	7.9699	6
4.3800	3.4260	4.3405	10
7.4000	5.5290	8.3390	6
7.6000	5.0810	5.6527	9
4.4300	3.6420	3.9706	10
7.6700	4.4420	5.9559	8
7.5500	6.8460	6.8931	8
5.9800	5.8610	6.2565	9
4.8300	3.6870	4.1570	10
6.8800	4.0420	5.2624	9
2.9700	2.6830	2.7587	11
6.4300	3.9980	4.8122	10
5.4000	3.8130	4.8146	10
5.7800	4.4280	6.4733	9
5.3800	3.3670	4.2002	11
7.2600	4.7380	6.0550	9
4.1100	3.2710	3.8073	11
5.9000	3.8680	5.2001	8
2.6700	2.5320	2.5760	9
5.8500	3.9620	5.1230	8
6.8300	5.6360	7.2691	6
5.0600	3.6100	4.6101	10
1.5000	1.3270	1.4541	9
6.0900	4.0920	5.1847	9
5.0800	4.7920	4.9941	10
7.5700	5.5460	7.5647	7
0.4400	0.4080	0.4351	11
7.4000	4.2370	5.7552	8
11.5900	7.4230	12.4812	6
1.5200	1.2750	1.4925	10
4.4300	3.6420	3.9031	9
5.8000	5.0390	5.4201	8
4.7400	3.6200	4.2526	9
6.7500	4.3220	5.9205	8
3.7300	3.2240	3.3420	11
6.6100	4.5280	6.2288	7
5.9700	4.1940	5.6982	9
5.9700	4.0370	5.1886	8
4.6700	2.3170	4.6565	5
4.9200	3.4130	4.4662	10
5.3100	4.7270	5.5112	9
4.9400	4.3700	4.4605	9
5.9200	3.8630	5.1202	8
10.4800	4.9890	8.2709	8
6.7200	4.7120	7.1726	6
6.0600	4.5670	6.8297	9
5.9000	4.3870	5.6589	9
2.6900	2.2460	2.4654	11
5.2500	4.4820	5.2647	8
7.5400	5.5950	8.7961	6
3.5500	2.8180	3.2907	9
4.7800	3.9100	4.5018	11
5.0300	4.7410	4.8019	10
6.7400	4.3420	6.1502	8
4.4400	2.0920	4.1180	11
7.4500	6.2070	6.9129	7
8.4400	5.7990	10.4018	5
5.6500	4.2600	5.9763	9
4.4100	3.3890	3.7922	11
6.7300	3.5700	4.3512	11
2.9200	2.3860	2.7349	9
7.3500	5.6540	6.1983	9
5	4.5230	4.7847	9
13.1200	7.6620	13.2458	5
3.7000	3.2190	3.5252	11
4.5100	3.2750	3.8321	11
6.0900	4.5710	6.7115	9
8.1600	5.8630	9.6374	6
7.6600	4.9290	7.5164	7
7.0600	1.9260	6.2974	8
5.6600	4.9750	5.8995	8
7.8200	5.2010	7.6070	9
6.1900	5.6890	6.1653	9
10.8500	6.9180	10.2204	6
3.5600	2.7090	3.2896	9
5.7200	4.6100	6.9065	8
6.2500	4.7150	6.6724	9
6.7000	6.3190	7.2747	6
1.3300	1.2210	1.2901	11
4.5800	3.6580	4.2127	10
4.5200	3.4750	4.0028	11
5.7800	4.3560	4.6904	9
5.2700	4.1340	4.6054	10
5.7100	4.3600	5.2222	9
4.9500	3.7490	4.7464	11
3.9100	4.9640	6.6918	7
1.4300	1.3690	1.4069	11
6.0600	4.8390	7.5674	8
7.4500	4.6710	6.9672	7
7.4400	4.6890	7.1203	7
6.3500	4.0080	5.3245	9
3.1600	2.4820	2.8497	10
5.9700	3.7380	4.8348	10
7.8500	5.4960	9.6615	5
0.8800	0.8540	0.8697	11
5.0200	5.1720	5.5347	8
1.9700	1.8290	1.8966	10
5.6400	3.6000	4.6646	8
6.1700	4.1190	5.2704	8
5.2900	3.6460	4.1344	11
4.1100	3.3650	3.7689	9
5.9300	4.1780	5.7151	9
2.2300	2.1390	2.1676	9
6.3400	4.4100	6.4392	9
4.5300	3.6710	4.1074	8
7.1300	4.8350	7.5706	8
6.4300	5.0570	5.6310	9
2.1600	1.1120	2.0843	9
6.5300	4.2370	6.0123	9
5.5600	5.5960	6.8054	8
2.2500	2.0540	2.2020	9
5.6200	4.6050	4.9079	8
5.2800	4.0800	5.0901	10
5.7500	4.2880	6.1151	9
4.0100	3.1910	3.5657	10
3.4500	2.8210	3.3573	10
6.6900	5.1180	6.1631	7
7.2000	4.2680	6.0734	8
7.8400	4.7680	7.0886	7
4.0800	3.2050	3.9535	10
7.1100	7.6710	11.1024	6
0.7600	0.7310	0.7469	11
6.5100	4.1970	5.6227	8
2.4500	2.3760	2.3796	11
6.9000	5.4160	7.3576	6
1.3400	1.1940	1.2898	9
7.3400	5.9950	6.9514	6
8.5400	9.3310	24.0090	5
6.0900	6.1050	7.0699	8
6.8200	4.7810	5.8460	10
5.4700	4.2520	5.9008	8
6.5900	4.4980	6.1417	7
3.5500	2.7380	3.2465	10
1.2500	0.8700	1.2089	11
3.9900	3.2220	3.9098	9
4.6700	3.6890	4.3842	8
6.4100	6.3260	6.5502	7
6.7000	4.4540	5.5482	8
4.3400	2.9690	3.9653	11
5.2900	4.1540	4.8025	10
5.7700	3.7800	5.0161	10
6.9100	5.8050	5.9359	8
7.8200	4.9610	6.1051	8
7.8500	6.1560	8.3520	9
5.4100	4.0790	4.4283	11
6.7000	4.6330	6.5815	6
8.2200	5.0420	7.6458	7
4.5900	3.3200	4.0735	11
5.3400	3.8070	4.5575	8
5.6400	3.8240	4.8267	9
6	4.1850	4.9213	9
3.0100	4.2670	5.5710	5
2.7900	2.1610	2.6249	11
5	3.6940	4.4928	8
6.1000	3.8280	5.1153	8
3.7300	3.3270	3.5962	11
1.7000	1.6380	1.6441	11
4.9100	3.7180	4.1095	11
4.3900	4.1380	4.4810	9
3.6600	2.9340	3.5007	11
7.8100	4.3970	6.2595	8
5.6500	4.5360	6.4542	9
5.7600	6.2070	7.2562	8
5.5500	3.8190	5.0866	10
13.4300	6.4270	12.2481	6
5.1200	3.4560	4.2550	11
1.7100	1.6190	1.6411	11
5.2200	4.6860	4.7351	9
5.0700	3.4040	4.2398	11
4.2300	3.4870	3.9448	11
9.3800	4.3910	6.0512	10
6.4600	5.0270	6.0549	7
4.5500	2.5330	4.1184	11
4.6100	3.1700	3.8474	11
5.1500	3.8050	4.3201	11
7.1300	5.2310	5.7320	8
7.6200	4.9130	7.8282	8
5	3.2690	4.5327	8
2.7400	2.1330	2.5624	11
2.9100	2.3970	2.6907	11
7.4200	6.0320	6.4226	8
7.0900	5.9050	7.9174	6
6.9600	4.7360	6.2635	7
3.3600	3.0140	3.2707	10
6.8200	4.4400	5.9402	8
6.3400	4.3710	5.2728	9
0.7000	0.6630	0.6830	11
8.0500	6.3760	7.4696	7
3.6500	3.2960	4.1053	9
5.1300	4.3070	4.6112	10
6.2100	3.8720	5.1750	8
7.5500	4.9350	7.4406	6
8.7900	5.4090	9.5161	6
2.3500	2.1150	2.2655	10
4.9700	3.7390	4.6750	9
4.2500	3.2930	3.7063	11
6.3900	3.8310	4.5070	10
6.9300	4.5940	6.4072	7
5.8300	3.8390	5.0788	8
6.8600	3.9480	5.0183	9
6.5800	6.8760	7.3071	6
4.4000	3.7110	4.0408	10
4.0600	3.3480	4.2033	8
3.1700	2.7630	3.2232	10
3.4700	2.7660	3.2391	11
4.6300	3.6220	4.3523	8
1.1000	1.0530	1.0786	11
4.8000	3.2190	3.9364	11
5.6500	4.2830	5.0915	10
4.2800	3.0830	3.7439	9
7.3600	2.8490	6.6739	9
1.3200	1.0600	1.2791	10
8.0200	8.5760	9.4598	6
2.9800	3.1500	3.1739	10
2.7700	2.3520	2.5881	9
2.4700	2.1400	2.3147	11
5.7800	3.8630	4.8879	11
1.1400	1.0890	1.1287	11
4.8100	3.1820	4.3759	9
4.2200	3.1210	3.7672	9
5.9900	4.3590	5.4164	8
6.1100	5.0800	5.2478	8
5.2100	3.6630	4.7860	8
6.2000	6.2250	6.4409	9
7.2900	4.7150	7.2444	8
6.5900	8.3440	8.4163	6
4.7500	3.0130	3.6315	11
4.9100	3.8490	4.4402	11
2.3200	2.0780	2.2481	11
9.9700	5.4910	9.7240	9
5.8800	3.9330	6.2580	6
1.5500	1.4370	1.5132	11
8.6400	4.3770	5.8029	8
4.7800	3.5470	4.5580	11
7.5000	6.3430	9.3470	7
4.8200	3.8990	4.2407	9
8.4000	6.3640	7.9463	6
11.9300	7.3770	9.9591	7
6.1200	3.7030	4.8625	9
2.8900	2.7310	3.0332	9
5.6600	4.2520	4.2973	11
5.6800	5.1990	5.3378	10
1.9400	1.7580	1.8862	11
7.1900	5.4280	6.7002	7
7.0500	3.8290	5.1072	8
4.8500	3.9130	4.4475	8
5.2800	3.8190	4.8224	9
5.1700	3.8830	4.6936	8
3.9600	3.0400	3.6207	11
11.8500	10.3510	17.7608	5
6.0700	3.9950	5.3008	9
6.8300	5.9110	5.9960	9
4.9200	3.9440	4.1674	10
7.4100	4.5540	6.8038	7
5.9300	4.4110	6.2172	8
7.3000	4.2810	5.9670	8
5.3700	3.6950	4.8187	10
7.0100	4.8820	7.3658	6
7.4800	4.8320	6.2080	8
7.7700	5	7.4884	6
6.7100	3.8150	5.0634	8
6.7000	5.1090	6.2640	8
4.7400	3.5710	4.1700	9
6.3000	4.3550	6.3476	6
5.5100	3.7290	4.9135	10
6.7700	5.1130	5.3198	8
2.5400	2.1470	2.3821	10
0.8100	0.6510	0.7872	10
6.1800	3.7400	5.4889	9
4.8600	0.9450	4.5167	9
11.0900	5.0860	8.2564	8
5.7800	4.6970	7.0833	8
6.0300	5.0390	5.7221	9
5.9000	3.7360	4.9327	9
6.8100	4.8560	6.8134	6
5.3900	3.8420	5.1456	10
6.8400	6.0330	6.8182	9
3.4200	2.7120	3.2491	10
5.8500	3.8280	5.1150	9
3.8100	3.2470	3.3813	9
0.5500	0.4580	0.5445	11
5.4200	3.7900	4.9457	10
4.8200	3.3780	4.2978	10
6.3600	5.7000	7.0998	6
10.5800	5.7860	11.0461	6
6.4700	3.9680	5.3998	8
5.5600	4.3460	5.7408	9
9.4700	7.0850	10.2868	5
4.3600	3.7350	4.1272	9
7.0100	4.8170	6.3307	8
8.3200	4.7090	6.2481	8
3.2400	2.6490	3.0720	9
5.2800	4.4830	4.6130	9
6.7500	5.0860	6.9804	5
4.4600	3.2330	3.9553	9
2.9600	2.5950	2.7256	11
6.3600	5.1580	6.3051	6
5.5300	3.5240	4.4314	9
4.1000	3.2560	3.8458	11
5.9300	3.8620	5.0173	8
0.9100	0.8200	0.8890	11
5.3100	2.5790	4.9226	9
3.8700	3.0440	3.6843	9
5.1500	3.9400	5.2951	8
3.5800	2.8190	3.2751	9
2.5400	2.1410	2.3643	9
5.1800	2.1540	4.8155	10
5.5900	3.8490	4.5348	11
5.8200	4.2760	5.0905	10
12.5400	6.8440	11.6111	6
5.7800	4.0870	4.3527	11
8.6100	7.7820	10.8726	6
5.1000	2.8870	4.6738	8
6.4600	4.5210	6.7173	9
8.2500	5.4990	7.2977	11
6.0600	4.1430	5.8002	9
5.4400	2.7380	4.9835	10
4.8900	3.5980	4.6067	10
6.6900	5.2300	7.2670	6
6.7600	5.0620	6.4776	7
6.1800	1.7680	5.6090	8
6.8200	9.3790	14.6352	5
1.0600	1.0060	1.0447	11
7.0600	6.3490	6.3834	9
6.9600	4.4500	5.9003	8
6.9000	4.7030	7.0567	8
6.3100	3.9980	4.9147	9
5.4100	3.7890	4.9797	8
1.0300	0.9830	1.0057	11
5.4300	4	4.3716	11
5.8100	3.9550	5.0844	8
1.6200	1.5690	1.5959	11
5.1500	3.9690	4.2345	11
5.7100	3.9710	5.0053	8
6.4500	4.5640	5.5647	11
6.8100	4.6190	6.8182	9
5.6700	3.8420	4.7679	9
2.4900	2.3050	2.3629	9
2.2700	2.1030	2.1888	10
1.4200	1.3330	1.3692	11
7.8300	5.3290	7.3239	7
1.0400	0.8480	1.0076	9
3.5300	3.0770	3.1099	11
6.9900	3.9180	6.0688	9
8.7400	5.0450	8.5628	6
6.1900	4.5040	6.3762	7
5.7700	4.8090	5.2388	10
6.6000	4.5600	6.6126	9
5.0400	3.8350	4.9013	8
6.3000	3.7680	4.7688	9
11.9200	7.9230	31.7359	5
2.1500	1.9020	2.0663	9
10.7200	5.6460	10.4913	5
5.9700	4.3840	4.8568	8
2.1400	2.0270	2.0856	11
5.7200	3.7210	4.8594	9
7.4100	7.2440	7.2926	6
2.0600	1.7590	1.9726	9
7.7000	6.6960	7.4031	6
4.8200	5.4960	7.7306	5
3.8100	3.0660	3.4498	9
7.7000	2.7610	7.0623	7
6.0400	3.7010	4.8592	9
8.2000	5.0490	6.8169	7
7.8900	5.3570	7.1332	8
5.6500	4.2490	4.7265	8
3.5100	2.8620	3.3698	9
5.3800	4.1860	4.7556	10
5.1100	4.0680	4.2862	9
1.4200	0.9590	1.3576	11
6.8000	6.6460	6.6903	9
10.3300	5.7510	10.6506	5
4.6600	3.9700	4.3333	9
6.8200	4.5390	5.5755	9
4.8000	4.1860	4.5130	11
7.1100	4.8310	5.3402	9
6.2700	4.2990	4.9258	9
6.2200	3.7310	4.8605	9
5.6000	4.4660	6.0508	9
5.5200	4.6210	5.0582	10
8.4100	6.8560	7.5237	6
4.6700	3.1850	4.3523	9
5.4400	3.8140	4.9881	10
7.4900	4.8660	7.6374	6
6.4500	4.5770	5.2239	8
6.2000	4.6630	6.2293	8
6.5800	3.8590	5.0709	8
9.4800	6.6250	8.5022	7
6.2900	3.8930	5.2509	8
6.7600	5.3940	6.0089	9
6.8800	5.0350	5.9208	8
2.4900	2.2070	2.3832	11
6.8800	3.9090	5.1065	9
7.2900	5.2250	6.7757	7
3.7100	3.7830	4.0684	9
7.3000	4.8730	7.6956	6
3.6700	3.0710	3.4889	11
5.7600	3.5510	4.5369	9
4.1400	3.6290	4.3944	9
4.6200	4.2170	4.4177	9
6.5200	5.8810	7.1554	6
6.0600	4.0350	5.5373	10
8.3000	4.4910	6.1038	8
4.4500	3.4240	4.2365	8
8.3200	4.7370	7.3124	7
8.0600	4.1930	5.6062	11
7.5500	4.2520	6.0511	8
7.5500	5.2180	6.9451	6
5.9500	6.4070	8.0930	6
1.5100	1.4470	1.4776	11
8.0800	6.1790	8.1624	6
5.7100	3.8570	5.0576	8
6.2900	4.3170	5.9267	9
4.4300	3.3870	4.5576	6
6.9500	4.7120	6.6501	7
2.2100	2.0640	2.1002	10
5.5300	3.7590	5.0213	10
2.4300	2.1630	2.2463	11
5.7200	4.0540	5.5925	7
4.4600	3.9230	4.1807	8
6.1300	4.4540	5.2197	9
4.5400	3.8690	4.1389	9
4.0700	3.6310	4.1383	9
5.4500	4.3450	4.7309	10
6.0100	5.1020	6.1377	7
7.8300	5.3220	5.6743	10
5.3300	3.5560	4.5462	10
3.6400	3.1060	3.7897	9
3.8000	3.2290	3.5880	11
5.7600	3.6430	4.5791	11
5.8000	4.7890	6.4074	9
0.7900	0.7510	0.7654	11
4.1200	3.1870	3.8857	9
6.9400	4.7690	6.4325	7
6.1300	3.8070	5.4566	9
3.2300	2.6890	3.0593	10
6.9200	5.0780	6.5543	7
5.0800	4.0970	4.3212	11
6.0600	4.1420	5.0534	9
2.6500	1.5350	2.5123	11
5.2700	3.8470	4.7559	9
4.8900	3.9820	4.9121	8
4.7000	3.9790	5.1968	9
6.4600	4.3440	6.1718	6
5.1700	3.5100	4.5752	9
6.9600	4.8120	7.3948	8
3.4500	2.8400	3.3408	11
5.5100	5.5980	5.6270	10
5.8700	3.9920	4.4409	10
11.1500	6.3240	10.9518	7
4.4200	3.1730	3.8508	9
8.6100	5.3820	7.7470	6
3.2700	2.9990	3.0501	11
7.3300	5.1560	7.8429	8
5.3700	3.8680	5.1368	8
6.3400	4.2430	5.6922	8
6.1300	4.4800	6.3196	9
11.0200	6.5430	14.3546	4
7.1300	6.6210	6.6648	7
4.8100	3.6390	4.3819	11
6.4300	4.6920	5.6079	8
3.7400	3.0280	3.5243	9
1.5700	1.4350	1.5087	9
0.6700	0.6230	0.6614	11
8.3400	5.0490	7.9717	6
6.5600	4.5870	6.3113	7
4.7100	3.6660	3.9797	10
7.1800	5.3570	5.7592	8
6.0400	4.0720	5.3665	8
5.6000	3.9960	4.9291	9
5.5700	4.5000	4.7852	11
4.4000	3.1820	3.7784	9
5.7100	4.2260	4.8190	9
1.1600	1.1030	1.1466	11
4.8900	3.9860	4.5748	8
7.6000	4.5650	5.6822	9
6.6600	4.8180	6.4329	7
5.4000	3.8500	4.5743	9
5.9800	4.9490	5.1194	8
6.8900	5.8840	6.2156	7
9.9400	6.1300	6.8120	8
6.6400	5.1950	5.9841	8
6.6600	5.2590	5.3997	9
6.5000	4.4810	5.7989	8
7.7700	7.1150	9.3863	6
5.5900	4.1970	5.3952	10
6.0100	4.2720	4.6167	10
1.5500	1.5040	1.5303	11
4.0600	3.3110	3.8287	11
8	8.5340	10.8269	6
7.4500	5.4610	7.5974	6
5.4600	3.4800	4.1090	11
4.4600	3.1960	3.9375	11
7.9100	5.0990	7.3842	8
3.1400	2.5520	2.8452	9
6.0400	4.4340	6.4502	9
5.2400	3.9220	4.6840	8
4.4600	3.7610	4.9043	5
6.9300	5.1870	7.3372	6
3.9600	3.1130	3.7257	11
5.9000	4.7630	6.8677	9
3.8100	2.8950	3.4845	9
4.5100	4.1860	4.2228	8
9.4200	5.4050	9.3675	6
5.6500	4.3240	5.1787	8
5.6900	4.3170	4.3638	9
8.6700	5.3590	7.6213	9
6.4600	3.7340	4.9268	9
5.4300	4.1930	5.1877	10
7.2900	5.5130	7.9317	6
5.0700	3.3280	3.9656	11
5.5900	5.9830	6.8927	8
5.5100	4.7150	5.1113	10
9.8400	9.3340	36.3368	5
7.4400	5.1150	6.6233	7
6.1200	4.4630	6.0438	8
6.5100	4.6390	6.4507	7
6.7500	4.5510	6.5828	9
2.2600	1.9990	2.1151	11
3.4200	2.8130	3.2671	9
6.2400	5.5850	6.9620	7
1.6600	1.5440	1.6167	11
6.7300	5.0510	6.1675	8
5.4500	4.1230	4.5683	9
2.5900	2.2200	2.4188	11
3.3700	3.2550	3.2981	9
4.6500	3.4610	4.3547	8
7.1400	3.9760	5.0707	8
4.3100	4.0090	4.0413	11
6.3100	7.1370	7.1835	6
5.1500	4.1910	5.6569	8
7.5900	4.5120	7.3948	6
8.2900	4.2690	6.0221	9
5.6900	4.9630	5.0524	8
1.2800	1.2170	1.2620	11
0.7800	0.5710	0.7480	11
4.0600	3.0990	3.5280	11
6.1300	5.1410	6.7892	9
1.6100	1.2350	1.5661	10
6.6600	4.8540	6.3647	7
8.5400	5.4740	9.7178	6
1.6200	1.4810	1.5730	11
5.3500	4.1970	5.1211	10
4.0600	3.2930	3.8597	8
5.2200	4.2110	4.8581	9
7.2800	6.5730	7.5222	6
0.9700	0.9390	0.9583	11
5.5200	3.7470	4.8096	11
5.4800	4.4450	5.9154	9
6	4.4400	5.6322	9
5.6600	5.9820	6.8004	8
4.9600	4.0070	4.5601	10
8.9500	5.7680	10.5592	5
8.2500	5.4390	8.3434	6
10.8700	6.7350	10.0639	6
4.7900	3.4450	4.2929	11
5.6800	6.6080	12.1732	5
4.9300	2.3270	4.5388	9
6.9200	4.3100	5.8426	10
2.8700	2.5970	2.6554	9
4.6500	3.3070	3.9632	11
6.0400	4.3220	4.9026	9
8.3000	4.3550	6.1788	9
7.9700	4.5440	6.1659	8
4.8200	3.9060	4.6960	8
5.0500	3.7090	4.4151	8
9.4500	6.2440	9.5910	5
4.4200	2.2510	4.0373	11
5.0600	3.5980	4.6354	10
5.5400	3.5500	4.5136	10
9.0900	5.4830	8.4661	6
4.5900	3.9100	4.3115	10
8.1900	6.9680	8.2023	6
7.0400	4.8830	7.6831	6
8.0500	5.9700	8.4320	7
5.3300	4.5270	4.7679	10
2.5300	2.1790	2.4229	9
7.0900	5.7650	6.9722	9
4.2100	3.1730	3.8100	9
5.1300	4.0040	5.0442	10
4.2300	3.0810	3.8651	9
5.1000	3.7580	4.6690	8
4.9000	3.7970	4.9969	9
3.1700	2.5930	2.9782	8
3.3400	2.9930	3.0276	11
7.8100	5.0530	7.5372	6
5.1500	4.3380	4.7978	8
10.2600	10.0340	10.1474	6
2.4500	2.5360	2.6855	7
6.2300	4.5580	5.4601	9
5.6700	3.7010	4.8092	9
7.5300	5.0110	7.3142	7
6.5400	4.7020	7.1663	9
3.7400	2.6630	3.3944	10
10.0600	5.4510	9.1746	6
7.9500	4.6490	5.4790	8
6.1400	4.7720	7.0991	6
5.4100	3.8300	5.1144	10
4.6600	3.3040	4.0297	11
6.1000	5.3040	5.3835	8
5.0600	4.1490	5.4054	8
6.6500	3.3320	5.8477	9
6.8300	4.0790	5.4749	11
1.5700	1.4630	1.5215	11
5.3200	3.7250	4.8911	10
5.5500	4.5910	4.7804	8
6.0100	4.0490	5.5209	8
6.5600	4.6390	6.2835	8
2.4100	2.1520	2.2582	11
6.0400	4.5470	5.6412	9
2.6900	2.3490	2.6375	10
8.6100	5.9770	6.5655	8
3.4600	2.3350	3.4531	9
6.2900	4.8760	7.5257	8
5.7900	4.5510	5.2219	8
7.1500	3.6780	4.5397	11
5.9800	4.1740	5.6942	10
6.4800	4.0500	5.5848	8
8.9500	6.0070	7.3073	7
7	4.5210	5.3759	8
3.4500	2.7760	3.2225	8
3.5200	2.9790	3.3585	6
0.8800	0.8420	0.8658	11
5.2400	2.5710	4.7472	11
5.6800	3.7820	5.0119	9
4.5200	3.3800	4.2125	11
5.3700	4.0610	4.8769	8
8.0300	5.3070	7.9758	5
7.8100	4.7930	7.4416	6
5.7300	4.6260	7.0032	8
5.3400	3.7190	4.7509	10
4.1500	3.3770	4.1024	10
7.1300	4.7000	6.9277	8
5.9000	4.6530	5.0557	8
3.9400	3.3380	4.0547	9
9.6700	7.5130	8.7235	6
4.7800	3.3040	3.9573	11
5.7500	3.7970	5.0048	10
8.8600	5.2810	8.3037	6
5.9400	4.9280	5.2192	8
4.0700	2.1860	3.7822	11
5.4800	3.5460	4.8767	9
10.0800	5.5910	10.2606	5
3.3400	2.7620	3.2075	9
5.8800	4.4270	5.2873	9
5.9600	5.2500	6.3122	8
4.1900	3.3800	4.0636	8
4.2900	3.1790	3.9050	9
3.6800	3.4520	3.5422	11
1.6900	1.5800	1.6598	11
8.6800	4.1190	5.1364	10
6.1500	3.3350	4.0891	11
8.5600	4.4170	6.2327	8
5.5400	3.6970	4.8338	10
4.7300	3.5130	4.4677	8
5.2200	3.8980	5.1192	9
1.2300	1.1710	1.2133	11
5.5000	4.3280	4.8599	10
6.0800	5.0310	6.1346	9
3.0700	2.5850	2.8807	10
5.5100	4.2870	6.0918	9
3.9300	3.3670	3.8819	9
6.9700	3.9760	5.4241	8
3.3100	2.7630	3.0445	9
6.9400	5.0970	7.2960	6
5.9400	4.4120	5.6809	9
5.6900	4.3340	5.4917	9
8.2000	4.3330	5.6505	8
5.7000	4.5890	6.7273	9
5.3400	3.6210	4.8674	10
5.3600	3.4510	4.1947	11
3.9100	3.0810	3.6057	10
5.0100	3.2740	4.0567	11
5.8100	4.0770	5.3357	8
4.8400	3.4070	4.1905	11
8.4500	5.9620	8.0316	7
1.4500	1.3840	1.4137	10
5.3200	3.4780	4.4348	9
5.1200	4.5950	4.7761	10
5.1300	3.9040	4.2541	10
7.4000	5.5660	5.9428	8
8.3100	5.1390	8.5205	6
5.1200	3.5020	4.2799	9
6.8500	4.6010	6.2706	8
6.6900	5.4460	6.6284	6
4.0700	3.4170	4.0225	9
5.8100	3.9920	4.9392	9
6.5700	4.3390	6.1367	7
10.3600	6.1700	11.2158	5
7.5000	5.7820	6.4383	8
4.5900	3.2540	4.0627	11
2.9900	2.4330	2.7608	11
6.9700	8.7900	9.1458	6
4.7500	5.1290	5.1890	9
11.9200	7.4400	21.4427	5
8.9500	5.5450	8.5835	6
8.5800	4.9970	8.0007	7
5.4300	4.2590	5.3136	8
1.9500	1.7910	1.8934	11
6.9500	3.9210	5.0351	9
7.3300	5.3090	6.0484	9
7.5900	5.0470	7.9979	7
9.1600	5.2060	8.6334	6
7.7100	5.7240	7.6854	9
3.5900	2.9130	3.4430	8
4.3000	3.1380	3.8030	11
7.4000	4.0430	5.4823	8
8.1300	4.5870	7.1535	9
5.9100	3.6080	5.2905	9
5.4800	4.2370	4.6774	8
3.4500	3.0630	3.3479	8
6.4300	5.0970	7.3352	8
7.1700	5.9170	6.2691	8
2.4300	2.1530	2.3540	9
7.5000	4.6860	6.9348	9
8.7500	4.0780	5.6357	9
6.9200	4.6560	6.3469	7
5.9600	4.1510	5.7242	7
6.5000	5.2270	8.4448	6
2.6800	2.2230	2.5127	11
2.3400	2.3320	2.3405	10
6.5600	4.0460	5.5307	8
4.5400	3.8810	4.3345	9
8.5700	6.1530	7.7599	6
2.0800	1.7910	1.9437	11
11.0100	11.8340	17.5095	5
7.2300	6.1230	7.0681	8
3.6500	3.1550	3.5228	11
7.8000	4.4110	6.3746	9
4.2400	1.8370	3.9179	11
6.7700	4.4930	6.0985	8
7.2600	4.5160	6.2035	10
5.0600	4.0870	5.6688	9
3.0700	2.7520	3.0360	11
4.8800	3.3550	4.4352	9
9.8300	4.5960	6.8065	8
4.1500	3.4810	3.9096	11
5.7600	3.7200	4.6829	9
6.1000	4.1460	5.1067	10
10.2600	6.8510	16.3194	5
6.9100	5.3430	7.5527	6
4.7100	4.3160	4.7461	8
3.8900	1.1430	3.6149	11
1.0100	0.9780	0.9889	11
4.0100	3.2420	3.8103	8
1.3900	1.2980	1.3493	10
3.6200	3.0140	3.4751	11
5.5700	4.6550	6.8210	8
6.4200	4.2750	6.0248	8
5.6500	3.5670	4.6021	8
4.4400	3.3090	3.8135	10
5.5100	4.0710	5.3180	10
6.6100	4.5380	6.4557	8
7.6700	6.1570	7.2482	8
6.0600	4.5420	6.4896	9
5.4800	3.6750	4.5716	9
8.6500	6.5650	7.8629	7
6.2100	3.8250	5.1107	8
0.9800	0.9400	0.9592	11
4.0400	3.4550	3.6667	9
3.8600	3.3770	3.8161	9
8.9300	5.4070	9.4507	6
9.8600	6.7550	12.3838	6
4.5600	3.2310	3.9474	11
5.3400	3.7670	4.9762	11
3.3100	2.7600	3.2391	8
10.5900	10.0100	10.7973	5
4.4600	3.5380	4.2541	9
5.7400	3.8270	4.5872	9
3.5200	3.2550	3.5042	10
2.5300	2.1980	2.4426	10
4.7100	3.8910	4.5254	9
6.5300	5.0930	7.1719	6
8.5500	7.2740	19.1147	5
5.4400	4.0060	5.0680	8
4.5600	3.7550	4.1037	10
5.2800	3.5500	4.1785	11
2.0400	1.8070	1.9469	11
7.2900	4.9630	7.5835	6
7.0800	4.8520	7.4952	6
4.9700	4.2480	4.4249	9
0.7000	0.6670	0.6849	11
5.3300	3.1930	4.9739	8
5.4700	5.0630	5.3854	8
5.0200	3.6040	4.5591	8
4.9100	3.5160	4.4274	10
6.5400	3.9870	5.4418	9
7.1400	4.6660	5.9268	8
3.4900	0.7750	3.2544	10
4.8500	3.3190	4.2321	8
2.0400	1.7750	1.9971	10
4.3600	3.9440	4.0081	9
5.2500	4.0560	5.5833	9
6.6800	5.2350	6.5203	6
6.5700	4.4310	5.8561	8
1.1200	1.0820	1.0985	11
1.2900	1.1270	1.2471	11
8.4700	6.7270	7.7678	6
0.6800	0.6460	0.6623	10
5.4300	3.8140	5.0329	9
3.0300	2.4230	2.8598	11
1.7900	1.6880	1.7589	9
7.4100	5.6300	9.8774	6
5.9500	4.3300	6.1208	9
4.5500	3.1000	4.1454	10
6.6100	4.7870	5.6919	8
5.6900	3.4780	4.3908	10
9.1900	10.3450	18.7245	5
10.9800	6.2640	9.6443	7
4.0300	3.4530	3.7695	11
5.3300	4.2570	4.9563	7
5.9700	3.6230	4.7000	8
5.3100	4.3120	5.0038	7
5.2200	3.6700	4.2460	11
6.8000	6.3100	6.7857	7
4.8300	4.6040	4.7921	9
8.9500	5.7550	6.8973	8
8.9200	5.4180	8.5728	6
6.5700	6.8240	7.3556	6
4.3500	3.8290	4.3005	11
0.9200	0.6040	0.8892	10
5.3000	3.8110	4.4628	9
4.9300	3.2610	4.4519	8
3.6900	2.7250	3.1868	11
3.9000	3.1590	3.7457	11
5.8200	4.0960	4.9465	9
11.9300	6.2300	11.2941	5
5.2100	3.4310	4.3190	9
5.7200	5.1510	6.1665	9
1.1800	1.0850	1.1611	10
5.9400	3.7880	4.6831	9
1.8600	1.6900	1.8064	10
5.6100	3.8010	5.0513	8
5.1500	4.7020	6.0788	8
6.7800	5.5900	5.9889	9
6.8600	6.2610	9.9869	6
7.6600	6.6350	8.5215	6
4.4100	3.2010	4.0440	8
4.1000	3.1680	3.9100	9
7.3200	5.5850	9.9836	6
8.6200	5.0660	8.3060	7
4.5400	3.6570	4.7559	9
9.5400	5.8680	8.8497	7
7.4700	4.3030	5.7961	8
8.4800	5.1930	6.8156	9
6.7900	2.9670	6.9131	5
2.5500	2.1570	2.3923	11
5.9300	4.1390	5.6768	8
0.8400	0.7770	0.8269	11
5.2800	3.2050	3.9330	11
5.4800	3.4860	4.4506	9
5.6400	4.5480	5.7120	9
8.7100	7.3750	8.1930	6
9.4100	6.3630	13.4141	6
6.3500	4.2080	5.1833	10
3.8700	3.2160	3.8685	7
1.8200	1.6460	1.7430	9
7.2000	5.2770	7.4357	8
2.8300	2.3720	2.6466	10
5.3300	4.8560	5.0661	10
3.7600	3.2600	3.5657	11
4.9500	3.6410	4.2103	11
4.4300	3.3730	4.1631	8
4.9300	3.6890	4.3586	11
6.3000	5.5270	6.5455	7
3.2400	2.8600	3.0819	10
4.1900	3.3760	4.0432	8
7.5900	2.7820	6.9748	7
8.2800	5.1800	8.3857	7
4.4700	3.2950	4.1073	11
5.1900	3.4520	4.7100	10
4.8000	3.3970	3.9627	11
3.7100	3.1090	3.5967	8
8.0200	5.9950	9.3988	6
6.4100	4.3300	5.1383	8
5.8400	3.7950	4.9162	8
4.9800	2.3170	4.5459	11
2.9500	2.6790	2.6943	11
1.9700	1.9180	1.9227	10
10.1800	4.5450	6.7758	8
2.0800	1.8850	2.0243	9
4.2800	3.6040	3.9414	10
4.2000	3.1680	3.7668	9
4.7000	4.0670	4.3729	7
7.5900	5.1080	7.5485	6
3.5700	2.8460	3.2888	9
7.4600	3.8890	5.2402	9
7.9100	4.2380	5.9956	8
9.9100	6.6730	11.6794	5
6.7500	4.5890	6.5547	7
6.9400	4.1420	5.6249	8
6.5900	4.0960	4.8314	9
9.0500	5.0240	8.1539	6
6.9500	3.0190	6.4103	7
9.9400	5.4810	9.0241	6
5.2300	4.1580	5.5709	9
0.9300	0.8490	0.8978	11
3.7600	3.4390	3.5170	10
5.5500	3.7030	4.7319	9
8.6000	6.6430	7.7464	8
7.7200	4.8090	7.3580	9
5.1200	3.8100	5.0638	9
4.8500	3.8670	5.0780	9
2.8000	2.3650	2.6001	10
4.9000	2.4880	4.4152	11
5.2000	3.4860	4.3507	11
4.9300	3.6580	4.6200	7
5.5900	3.7830	4.7078	9
6.9900	4.3440	6.1262	7
9.7000	6.8910	11.9370	5
0.8000	0.7580	0.7756	10
5.5600	4.6190	6.3412	9
7.6300	7.2200	7.9795	7
2.7000	2.2060	2.5065	11
4.9600	3.3360	4.0609	11
6.1700	4.2290	5.3075	8
5.3700	4.2610	5.6652	10
3.1800	2.8690	3.1225	9
6.3800	3.9000	5.0094	8
2.4000	2.1550	2.2624	10
7.4400	6.5420	7.7194	6
6.0400	6.3090	7.4789	6
3.9500	3.3030	3.5518	9
8.2000	4.9460	7.4566	7
1.9200	1.7640	1.8268	10
8.2900	4.9370	7.1214	8
6.2600	5.2780	7.6388	8
1.8100	1.6510	1.7575	9
7.2700	5.3270	7.9005	6
6.1000	4.3500	5.7477	9
5.3800	7.9000	9.8843	5
0.5600	0.5190	0.5512	10
5.0800	3.4420	4.5288	9
6.0400	5.0450	6.3828	9
1.1600	0.8750	1.1221	11
1.4900	1.4140	1.4566	10
6.6500	3.8530	4.9668	9
4.1800	3.7340	3.7893	9
7	5.2600	5.8290	8
5.0800	3.3860	5.0153	8
4.2500	3.1230	3.9399	10
5.1800	4.4730	5.0546	8
2.8200	2.3810	2.6382	11
3.9000	3.4420	4.1161	10
0.7000	0.6750	0.6935	11
7.5300	4.3880	5.7406	8
4.2700	3.6360	3.6433	11
7.1000	4.7870	7.4455	6
6.0900	4.9550	7.0040	6
5.7600	3.5750	4.5856	10
8.1900	5.2560	8.7989	5
5.2100	3.5930	4.5734	9
4.8700	4	4.2208	9
6.0700	4.4640	5.7264	10
5.0300	3.7220	4.4851	9
11.5200	6.6490	14.2610	6
5.3400	3.8310	5.1317	9
4.8800	3.8000	4.6068	10
10.1100	5.3580	8.6662	9
4.4500	3.5060	4.1616	9
7.6800	3.8580	4.0967	8
2	1.8430	1.9883	8
5.6100	4.5940	6.0518	9
6.2000	3.9420	5.3078	9
3.2000	2.9870	3.0796	11
7.2900	4.5360	6.7625	8
4.0700	3.0450	3.5705	10
5	3.8990	4.5977	10
4.8700	3.4470	4.3842	11
5.2400	4.4240	5.0327	9
3.5500	3.1200	3.2925	8
7.9200	5.4600	5.8171	9
8.3000	4.9980	7.0704	8
7.0700	4.1430	5.7475	9
4.1900	3.1550	3.7001	10
3.2800	2.5840	2.9990	9
4.4700	3.2040	3.9446	9
4.6200	3.0870	3.7530	11
6.9400	4.6940	7.1947	6
4.6800	2.3680	4.2763	9
3.5200	2.9390	3.4211	10
7.3600	4.9880	6.8192	8
5.0100	1.8030	4.6069	10
9.8100	5.5020	9.7904	6
8.2900	4.2340	5.7498	8
6.2900	5.7990	5.9033	9
5.3600	3.7590	4.7455	8
5.2100	3.8760	5.1134	8
6.1500	5.4940	5.7418	9
3.6400	3.3690	4.0128	9
6.5200	4.2020	5.6622	8
3.1000	2.8260	2.9952	11
2.0400	1.8350	1.9790	8
5.3100	3.6570	4.4939	8
6.9200	4.5760	5.9338	8
7.1300	4.6600	6.1529	8
2.7500	2.3010	2.5785	11
4.8200	3.4690	4.4896	9
4.4100	2.6730	4.1261	10
3.4500	2.9460	3.5183	9
7.7700	6.1620	6.9524	7
7.9600	5.7770	7.9338	6
5.2000	3.7380	4.6957	8
7.3400	5.8660	6.3987	9
2.6100	0.7880	2.4579	11
1.1600	1.1190	1.1429	11
9.0200	4.0670	5.5034	9
3.9000	3.1620	3.8284	9
8.8100	6.9170	11.8797	6
7.8400	4.8300	7.2525	6
5.0900	3.6500	4.1845	9
4.0600	3.2450	3.8960	9
6.9500	5.4620	5.9290	8
5.6200	3.6450	4.5359	11
7.0100	5.9240	5.9568	8
8.7100	5.7320	6.2608	9
5.5500	4.4060	5.0381	9
5.8900	2.3260	5.3677	9
7.7100	6.2910	7.0968	7
5.5400	5.1120	5.6261	7
3.5700	3.0290	3.5159	9
6.0900	4.3020	5.7162	10
4.6000	3.4650	4.1948	9
6.4800	3.9670	5.0295	8
8.9100	6.1160	8.5756	6
5.6600	3.8540	5.6896	6
3.1000	2.7130	2.8595	11
5.0500	3.9110	4.4540	9
6.9800	4.8160	7.3582	6
2.3500	2.0640	2.2309	8
4.9900	3.5440	4.2877	9
4.2900	1.0520	3.9711	9
5.4600	3.7370	4.8594	9
5.0400	3.7430	4.8299	8
3.6200	2.7670	3.2359	11
5.1600	3.7330	4.5579	10
1.4300	1.1540	1.3962	9
5.3200	3.9230	5.1456	8
8.7200	7.3870	8.4349	6
5.5500	3.9680	4.4686	11
5.3500	5.6300	6.6000	8
6.1200	3.7670	4.4165	9
0.8700	0.8400	0.8591	11
3.0200	2.6580	2.8306	9
6.4900	5.3880	5.8400	8
8.2500	6.0850	6.1161	8
4.2500	3.5050	4.0079	11
4.8400	3.8150	4.2722	8
4.7300	3.4470	4.1612	11
5.0500	3.5870	4.4009	8
6.2000	3.7450	4.9183	9
4.0500	3.2900	3.5461	10
0.6200	0.5760	0.6120	11
7.0400	5.2550	7.2139	6
8.5300	5.0880	7.7786	7
5	4.1270	4.2996	11
5.9100	5.3350	5.8619	9
6.2200	4.3130	5.8902	9
2.9500	2.4700	2.8181	9
6.4300	4.3730	5.7679	8
3.2600	2.6230	3.0065	9
7.3100	5.0800	7.1359	7
6.5900	3.8540	5.0704	9
8.5700	4.6460	5.0897	10
7.7700	4.9830	7.6688	6
4.7800	3.5560	4.4635	11
1.5300	1.4070	1.4744	10
6.3800	5.0980	5.9632	8
6.4400	3.9450	4.6105	9
6.5600	4.4040	6.1533	7
5.4600	3.4520	4.8907	8
6.5600	4.9670	6.5073	7
5.8000	5.4750	6.3236	9
6.6500	4.1420	4.9668	8
10.5300	8.7720	9.5753	6
3.2800	2.6160	3.0648	8
5.2800	4.2050	4.6779	11
7.4200	4.6880	7.0984	6
5.9800	3.8650	5.1663	8
2.7900	2.5870	2.6395	11
9.5700	6.8060	8.9114	6
10.4000	6.7860	9.8737	6
7.3400	5.2530	7.5803	7
2.9700	2.5690	2.8219	10
2.8600	2.5860	2.6306	11
6.4600	3.6330	4.6683	10
4.6800	3.3500	3.9114	11
4.9100	4.0290	5.2944	9
8.0400	4.1610	5.7245	9
4.1700	3.0810	3.7639	8
2.8900	2.3600	2.6668	9
2.3000	2.2060	2.2352	9
2.7600	2.7000	2.7230	8
5.8200	5.0520	5.5297	9
7.5900	5.0640	8.0522	8
6.2400	5.0660	5.6420	8
6.9100	4.4340	6.3019	7
4.7700	4.4940	5.4180	9
8.8600	5.0790	8.1247	6
4.3300	3.2760	3.6839	10
5.3200	3.8670	4.9364	8
7.6600	4.3290	6.2246	8
4.7500	3.3760	4.2517	10
6.0600	4.4460	5.8556	7
6.8900	4.1090	5.6098	8
6.4800	3.6010	4.6615	9
5.6900	3.6550	4.6245	10
5.5300	4.3470	5.4682	9
0.8400	0.6760	0.8145	11
6.9400	4.3450	5.6272	9
5.1600	3.4800	4.6022	9
4.6500	4.1240	4.2327	11
6.1100	3.6750	4.7982	10
7.6700	4.9040	7.7600	6
4.4200	3.2740	3.8120	10
4.3200	3.0820	3.7911	11
5.0400	3.6480	4.0982	11
5.1900	3.8230	5.0847	9
7.1700	4.4860	6.2051	8
6.1200	4.1290	5.7244	10
6.0300	3.9020	4.4730	11
5.4800	4.6000	6.1809	5
8.0800	6.0720	6.1069	8
1.6000	1.5590	1.5627	10
9.7600	5.3890	8.7432	7
6.5600	3.9720	5.9270	9
9.9700	5.4600	9.3151	6
5.4100	3.9130	5.1681	8
6.8500	4.8290	6.5238	9
5.5900	3.3480	4.1589	11
5.6900	5.4050	5.6004	7
5.2800	3.8110	5.0406	8
7.0700	4.8240	7.5591	6
5.3300	3.7510	5.1142	9
5.7500	4.8460	5.3468	9
13.1800	8.3910	21.0107	5
6.6200	5.1920	5.8065	8
6.7300	3.9890	5.3553	10
7.2700	6.0750	7.3980	7
4.9600	4.4170	4.7292	8
6.9900	5.2380	7.1073	7
4.5600	4.0380	4.0682	11
6.9600	5.1910	5.6197	9
3.2800	2.7180	3.1758	11
4.0500	3.3090	3.6691	10
4.4600	3.5900	4.1819	11
6.0700	4.7600	6.9514	6
4.2000	3.1530	3.8635	11
9.3000	3.7380	10.8785	5
5.8300	3.8770	5.2058	8
4.5500	3.3410	4.1255	9
5.0400	3.2730	3.9858	11
11.2600	5.8560	11.3841	6
5.9600	4.0910	5.6611	10
4.9600	3.5370	4.1223	11
5.3800	6.7140	7.5935	6
6.8400	4.4630	5.8773	8
10.7600	6.9380	16.5538	5
6.7900	5.3400	6.8420	6
7.3500	4.2450	5.8176	9
5.4600	4.0790	4.9318	10
4.7100	3.8550	4.1483	11
5.6300	5.7960	6.7288	8
5.1700	3.5740	4.2370	9
11.6200	6.5730	11.4404	6
5.3600	4.2230	4.7594	11
6.9400	3.6050	4.6387	9
8.0300	5.1000	7.7063	8
6.1600	3.8190	5.0102	8
6.5400	4.6890	7.1766	8
3.6200	3.4920	3.9750	9
5.2100	3.6890	3.9656	11
8.5500	4.8320	7.3265	7
7.2000	4.3400	5.1903	9
7.0300	4.0640	5.2349	8
6.5700	5.3990	6.1719	7
2.4100	2.0930	2.2317	11
1.6600	1.5230	1.5935	11
4.9700	3.6440	4.7096	9
4.3900	3.9170	4.3465	10
5.7400	6.8800	7.0447	8
6.3200	3.8770	5.1550	8
5.3300	3.4550	4.3295	11
7.0400	4.9260	6.5415	7
6.7200	5.0050	6.0914	8
7.1600	4.8140	7.5045	6
8	4.3520	6.2780	8
4.9200	3.8260	4.5221	10
3.2500	2.6350	2.9830	11
5.7100	4.5310	5.6839	9
4.3200	3.7500	4.0628	11
7.8400	5.6480	7.2923	6
7.3600	4.9350	6.6342	7
3.1500	2.6050	2.9445	10
7.3900	4.0340	5.4802	9
5.7100	3.9690	5.2448	9
7.3600	4.3470	6.0867	7
6.8100	5.7190	8.5779	6
7.3700	4.3660	6.2943	8
4.5400	3.6600	4.1239	8
5.5200	3.9550	4.2374	10
1.9100	1.7170	1.8229	11
5.2100	3.0150	4.7563	11
4.2000	3.6980	3.7577	9
7.9500	4.9090	7.8287	6
6.1200	4.3420	5.7309	9
8.8400	5.1380	8.5535	8
7.0400	4.1210	5.1613	9
7.5300	5.4600	6.1125	8
9.5900	11.4940	12.1285	6
4.9100	3.6840	4.7973	9
0.9000	0.8390	0.8803	11
7.3300	4.6100	6.3250	9
2.9600	2.6250	2.7718	11
7.3200	5.1980	7.4496	7
7.2400	3.7990	4.7748	10
2.6900	2.3560	2.5242	10
7.4700	5.4600	7.3822	6
9.6500	8.0600	8.6976	6
1.8500	1.7020	1.7581	10
7.0300	5.1610	6.1813	9
3.6700	3.1820	3.9226	9
4.8000	3.2800	4.4469	9
6.7900	5.0840	6.3087	8
1.5700	0.7410	1.5221	11
4.5900	3.3950	4.2246	10
1.8400	1.8030	1.8039	11
6.5400	5.4280	5.4550	9
8.4300	6.7410	8.2244	7
5.0600	3.7090	4.3218	11
0.8400	0.7990	0.8216	11
4.5900	2.6080	4.2273	11
2.2300	2.1620	2.1999	10
4.1000	3.3390	3.7453	8
7.8400	5.0400	7.7670	7
5.7400	3.7230	4.8102	9
7.6800	5.0440	7.9396	5
7.5300	7.3990	9.9367	6
8.9100	4.3550	6.2746	11
2.8900	2.5230	2.6944	10
0.6400	0.6130	0.6305	11
4.7400	3.6710	4.6718	8
5.3200	4.1180	4.8825	9
6	4.0430	4.9096	8
2.3500	2.2190	2.2307	11
6.5400	4.6020	5.8492	9
6.4300	5.8950	6.0043	7
3.9200	3.1890	3.7383	11
4.7600	3.8660	4.4712	8
2.0100	1.8060	1.9338	9
5.0400	3.6040	4.6315	10
7.0200	5.2580	7.1089	5
1.1100	0.9800	1.0705	11
5.8400	4.4360	5.5971	10
5.0100	4.2830	4.4325	9
5.4600	4.2110	5.0041	10
5.2700	4.4260	4.7125	10
3.2100	2.7570	3.0830	9
1.7000	1.6490	1.6626	9
3.2200	2.7710	2.9388	9
4.9000	3.1010	3.7779	11
4.7100	4.2590	4.6118	8
7.5400	4.9910	6.8620	8
5.0800	3.6380	4.6274	8
1.3500	0.6600	1.3043	11
7.7400	4.6130	6.9138	7
6.1900	5.1070	5.3556	9
6.5100	5.0670	8.2919	6
6.2500	4.1110	5.2402	8
7.1700	7.6180	13.3321	5
9.4900	6.7100	8.4491	7
5.4800	4.3640	5.2151	8
1.4200	1.0800	1.3854	10
1.9500	1.7420	1.8712	9
8.8800	6.9380	9.0529	6
7.2200	6.8850	8.9969	7
2.1000	1.9230	2.0355	10
4.6800	3.5570	4.1943	9
6.3400	4.2980	6.0186	10
6.5700	3.8910	5.0383	8
5.8000	4.6690	6.5500	6
1.3400	1.2940	1.3245	11
11.3500	5.6780	10.2455	6
6.4200	3.7860	4.7265	9
7.9100	5.7610	7.1351	7
1.0900	1.0510	1.0649	11
1.5500	1.4060	1.4751	11
5.6700	1.6880	5.4368	7
3.9100	3.4430	3.7976	11
2.2800	1.8850	2.1374	10
5.0500	3.5550	4.2111	11
8.3600	5.4380	6.0628	9
6.9700	4.8140	7.2954	6
3.0900	2.6470	3.0458	10
6.3200	4.0110	5.4534	8
4.9400	3.8310	4.0652	11
6.1900	3.5990	4.6587	11
2.5200	2.2600	2.5150	10
4.9900	3.3970	4.3267	11
7.7400	5.2750	7.8899	8
5.4700	3.6540	4.7351	9
7.7100	4.5650	7.5139	6
2.0300	1.9070	2.0067	10
4.3900	3.4180	4.0249	10
6.3300	3.7770	4.9953	9
11.4100	8.1190	11.0841	6
8.7000	5.0980	8.4229	8
6.2200	4.5370	6.1940	9
7.1200	5.1140	8.0726	7
7.1900	4.8830	7.0921	6
11.0700	6.2770	10.8711	6
6.0400	4.6790	6.9013	6
3.2700	2.8170	3.1146	8
6.4300	4.4840	5.9007	7
7	5.0480	7.6145	8
5.3700	4.1910	5.1990	10
2.7000	2.4080	2.6507	9
1.9600	1.7380	1.8702	11
7.7300	4.9070	7.1574	7
8.2000	4.8730	6.3291	9
4.4700	3.3110	3.9684	11
8.1700	4.8180	7.5466	8
7.5600	5.4020	6.9085	7
7.6900	5.9120	9.3099	7
2.6100	2.2740	2.3969	11
5.6500	4.0950	5.0227	9
5.8000	4.8500	5.2627	10
7.2500	5.0130	6.4761	7
5.6700	3.9610	4.4197	9
5.3500	4.4960	4.6950	11
5.3800	4.6470	5.1351	8
4.5800	3.9140	4.7441	9
4.4400	3.4110	3.9717	9
5.2000	3.7250	4.3398	11
3.8900	3.2490	3.7379	9
5.7800	2.9560	5.2960	8
6.5000	4.8820	5.5799	8
7.9200	4.7490	7.1236	6
5.8800	3.8550	4.9826	9
6.3900	4.3290	5.7048	9
5.3000	3.7190	4.8508	8
5.7000	3.6740	4.7508	9
7.1600	4.4480	6.5138	7
3.5800	2.5690	3.2838	10
4.3800	3.3210	4.0919	11
6.9100	4.3580	6.2455	7
9.4100	7.3320	10.7053	5
5.7100	3.4310	4.1413	10
5.3900	4.8580	5.3093	9
3.4000	2.8130	3.1910	9
7.1900	4.1530	5.6251	9
1.4600	1.3880	1.4171	9
5.5000	4.1480	5.6515	8
5.8900	4.0720	5.2712	9
1.5100	1.4400	1.4787	11
5.2000	4.1010	5.0742	6
5.8700	4.5360	5.0244	9
1.7500	1.6620	1.7108	11
3.4800	2.6840	3.1049	11
6.9000	4.0260	5.5112	8
6.3800	4.5410	5.1171	9
5.9200	4.1140	5.6602	9
5.0800	4.4730	4.7610	9
8.9600	6.2950	8.7261	6
6.9400	6.6900	8.3223	5
2.0900	1.8750	2.0238	11
5.0500	3.7450	4.9062	9
5.1300	3.9660	4.5326	11
4.5800	3.2510	3.8462	11
1.1300	0.9480	1.0952	11
5.3300	4.3740	5.0888	9
12.9100	6.2280	10.9056	7
6.7300	5.4220	6.6899	9
8.6600	6.0520	11.6570	6
2.0700	1.8180	1.9788	11
6.3500	5.2620	7.7382	8
5.7600	3.3960	4.2204	9
5.9800	4.4050	6.2500	8
1.0200	0.9760	0.9996	11
0.4500	0.3970	0.4455	11
8.5300	4.7810	6.2272	11
8.1100	4.6020	6.5099	9
4.5300	3.0690	3.7180	11
7.0400	4.5830	6.8763	9
4.3400	4.1330	4.2809	8
3.9100	2.9050	3.3950	11
6.5200	4.3380	6.1394	7
6.1700	4.1840	4.8964	8
6.1100	4.2180	5.8102	9
6.3000	4.2260	6	7
1.9600	1.8730	1.9111	11
6.8800	3.6180	4.6768	9
6.1100	5.1350	6.8899	9
1.8500	1.7270	1.8066	9
4.6600	1.8050	4.4175	9
3.9500	3.1800	3.8741	8
4.7100	2.8260	4.3085	11
5.8100	4.5460	5.2613	8
5.9600	5.0120	5.8328	10
8.0900	5.5130	7.7150	6
8.4600	5.1650	8.6406	5
3.1200	2.4990	2.8392	10
8.0400	5.4980	8.0755	6
7.9400	4.5880	5.8697	10
3.1900	2.5930	2.9984	8
4.7900	3.3720	4.3138	8
12.0800	7.7150	9.7286	7
6.9300	3.2840	6.3918	7
4.8200	2.2510	4.4322	8
7.3000	6.1200	6.6219	8
6.0800	3.9660	5.3263	10
5.4000	3.6850	4.4518	9
9.7900	7.7670	8.9016	8
8.7300	5.2050	6.7827	8
4.8800	3.8650	4.0036	11
6.0500	3.9210	5.3000	8
1.0800	0.8190	1.0604	10
5.5300	4.1530	5.2692	10
6.0200	5.6240	6.7732	9
7.0100	4.7520	6.9010	9
7.7600	5.1230	7.1383	8
5.4900	3.8530	4.9517	8
5.0900	4.4400	4.9117	9
5.7900	3.9500	5.2651	8
6.3300	4.2670	4.6107	9
3	2.4800	2.7946	10
4.0600	3.2420	3.4997	9
7.4800	6.1350	9.0491	6
7.8500	4.2330	6.0066	8
10.2800	6.9400	15.6374	6
2.6700	2.3920	2.4793	10
5.0400	3.5250	4.2109	9
7.6400	4.2430	5.1733	9
4.8300	3.4830	4.4951	10
8.6700	4.2220	5.8048	9
6.1100	3.9940	5.4253	8
1.0500	1.0020	1.0190	11
4.5100	3.5090	4.1517	9
8.2700	4.7070	7.2183	8
3.4900	3.3620	3.3979	10
9.2200	8.8010	10.9074	5
3.0600	2.5930	2.8716	9
5.5500	3.8830	5.2245	8
7.3300	9.1770	14.9014	5
5.1200	3.3610	4.2234	11
5.0500	3.6440	4.2185	10
6.2900	4.2700	6.0932	8
6.7300	4.9990	5.0900	11
4.7900	1.2680	4.3728	11
6.2000	4.3420	5.6231	9
6.8400	4.4930	5.7527	8
9.3900	5.3490	7.2181	8
6.9400	4.0440	5.3983	9
3.5100	2.8800	3.2078	11
5.6800	3.9440	5.0846	9
8.0100	5.3260	6.6275	8
3.5700	3.4500	3.8060	9
4.6300	3.4680	4.2341	8
5.0800	3.4350	3.9731	11
7.4500	5.1410	6.8024	6
1.1100	1.0780	1.0852	10
6.8400	3.7400	4.7550	9
5.2700	3.6930	4.9042	8
7.2700	5.5170	9.7297	6
2.5700	2.2750	2.5049	11
8.2600	5.0500	8.2683	7
5.4400	3.5540	4.5607	10
7.7700	4.1880	5.7496	8
8.5500	5.6690	8.2426	6
6.4800	4.3610	6.3121	7
4.4600	3.4630	4.2436	9
8.0400	3.8720	4.9571	10
5.2300	3.3840	4.1360	11
1.6500	1.5030	1.5811	11
2.5700	2.2010	2.3763	11
5.1400	3.9010	4.2865	11
6.8700	4.7490	7.3070	6
5.4700	3.6310	4.6581	9
5.3300	2.3540	4.8801	9
5.2200	3.3350	4.1783	11
4.6700	3.4310	3.8582	11
5.2400	5.1110	5.9811	9
4.5000	3.5580	4.1509	11
6.9200	5.5680	7.5373	6
6.3900	4.2960	5.2459	9
6.1900	4.0570	5.2591	8
2.8500	2.1900	2.6678	11
8.2000	5.7460	8.1812	7
7.1900	4.6670	6.1988	8
4.3600	3.0800	3.6796	10
6.4400	4.2780	6.1008	7
4.9700	3.4680	4.4450	11
5.6600	3.6590	4.6707	9
12.4200	6.8390	12.9618	6
6.4000	4.9570	6.9003	9
8.6700	7.8530	9.2827	6
5.1600	3.6470	4.7553	9
5.2200	3.5590	4.3002	9
6.8100	5.4750	7.4769	6
5.9800	4.2300	5.7401	10
5.8800	3.8830	5.3537	8
1.7700	1.6980	1.7218	8
8.0700	6.7500	7.2657	7
8.9400	4.9820	7.9375	8
5.1900	4.4540	4.4966	9
6.8400	3.3210	6.3770	9
8.6700	5.4710	8.4314	6
5.5600	3.6950	4.6845	8
6.5900	6.8960	7.2513	6
8.3100	5.0120	7.3527	7
4.6600	3.2420	4.0667	10
7.2600	4.4280	5.4685	8
4.1000	3.5990	3.8763	11
6.8000	6.5750	8.0208	5
5.0800	3.7370	4.6444	10
9.5400	6.1180	10.1901	7
4.8100	3.4720	4.2271	10
6.3800	4.3120	6.1358	8
3.1800	2.5970	2.9268	10
6.0300	5.6130	8.2693	6
6.1200	4.8750	5.6777	9
5.6000	5.4790	5.7702	10
2.8700	2.6370	2.7127	9
6.3500	3.9460	5.6869	10
5.3300	4.4530	5.1632	10
0.8300	0.8070	0.8202	10
5.8800	5.2040	6.7914	6
6.0100	4.5710	5.7216	10
5.1800	3.6600	4.7371	11
6.4100	3.8090	4.5740	10
5.1700	3.9190	4.9952	8
6.1700	4.5650	6.8373	8
7.7600	5.0950	7.1265	8
6.6400	4.3030	5.8792	8
7.6700	4.7380	7.3117	7
2.6800	2.4710	2.7992	10
6.7600	4.5160	5.1627	9
6.9500	4.6980	6.6846	8
5.3600	3.9200	4.4221	9
5.9900	6.6380	7.2527	8
4.2700	3.0310	3.6586	10
6.5400	7.3630	7.8729	8
8.0800	5.2710	8.0663	6
2.8900	2.6000	2.8634	11
5.7800	3.7970	4.8328	8
5.7300	3.9310	5.1945	9
8.7900	3.7250	9.2206	6
5.2500	4.1100	5.0466	9
3.1100	2.7590	2.9142	10
5.1800	3.6230	5.1624	6
8.7100	7.2110	7.9791	6
4.1200	3.4560	3.4924	11
5.0700	2.4760	4.5941	9
7.1000	5.1410	6.8454	7
3.7100	3.1770	3.5219	11
6.2900	6.0840	6.6385	9
1.5500	1.5100	1.5218	11
4.1800	3.0860	3.6122	11
6.7200	4.4730	6.5689	8
5.5700	5.8110	6.7491	8
6.3400	5.1780	6.5994	9
5.6500	3.9170	5.0673	10
5.6800	3.9620	5.0261	8
7.3500	4.2370	5.8389	9
4.6400	3.6000	4.3167	9
5.6200	7.0180	8.2453	4
6.0400	3.8040	4.4864	11
6.5900	5.3170	6.5177	8
8.5700	4.9990	6.3238	8
6.3900	4.3770	6.2912	9
2.8700	2.3610	2.6374	11
7.7500	4.9080	5.2642	8
5.2300	4.7620	5.0915	10
5.5900	3.5560	4.5514	11
4.3500	3.6210	3.7575	11
8.6600	4.8630	6.0589	9
7.6000	5.1180	7.5054	7
7.9600	5.5630	7.1435	6
3.1800	2.6010	3.1813	9
6.7000	4.4740	6.3652	7
4.3400	3.0880	3.6501	11
12.2900	6.8110	13.0954	7
1.7800	1.6270	1.7310	11
4.9900	3.5710	4.2407	11
6.0500	4.0070	5.4037	10
5.7400	3.9530	5.0201	8
7.5000	5.1400	7.9576	6
2.2900	2.0840	2.2040	11
6.4500	6.1190	7.6804	8
5.0500	3.3040	4.1235	11
6.7400	4.6750	5.6129	9
5.1700	3.8640	4.7375	9
7.4800	6.4760	7.9693	6
8.6900	4.4540	6.5133	8
5.8600	4.6170	4.9800	8
11.2600	9.1610	11.9305	6
6.2500	4.6400	6.9879	6
5.4400	3.4850	4.4170	11
11.2800	7.9660	10.7736	6
2.0400	1.7060	1.9617	9
6.4000	4.3120	6.1562	6
6.0700	4.3610	5.8142	10
7.3800	4.7450	6.4760	8
8.9300	8.0230	9.1393	6
5.7100	4.0260	5.3414	8
5.7300	3.6230	4.6814	9
7.5600	4.4010	6.0963	8
6.7700	4.6570	5.0609	9
8.8800	7.8760	8.1118	6
7.3200	4.7880	6.9522	7
5.9800	5.6220	5.6511	9
1.6400	1.5940	1.6249	11
6.0800	4.0630	5.6918	9
5.0800	3.6720	4.7852	8
4.4000	2.3650	3.9888	11
8.9200	5.4250	7.8549	8
7.0100	4.6600	7.0177	7
4.8700	3.3630	4.1062	11
3.9400	2.9390	3.4350	11
5.9700	3.8180	4.7844	9
5.9800	4.1060	5.7083	10
3.3100	2.7160	3.1449	10
1.1000	1.0280	1.0817	11
8.2000	4.8320	7.5604	6
7.9000	4.9430	5.9627	9
9.9500	6.4280	15.0189	5
3.6200	3.0750	3.2278	11
2.4200	2.1150	2.2422	10
1.4000	1.3580	1.3685	11
5.0500	3.3640	4.2185	11
9.2400	6.0190	8.7533	6
6.6900	5.0730	6.2923	7
2.4300	2.0950	2.3097	11
9.5800	6.1170	6.4399	8
6.5700	5.2080	6.5641	9
7.7300	5.0660	5.5226	8
8.5100	5.2580	8.7795	8
5.9300	6.2610	6.4795	9
6.5400	3.6000	4.6337	9
7.8700	6.1340	7.5644	6
6.0800	4.0270	4.9367	11
5.2400	3.4910	4.1361	11
4.4600	3.2630	3.8409	9
7.7200	5.9380	5.9720	8
3.8200	3.0090	3.4365	10
6.2700	4.3770	6.1713	7
2.8400	2.5510	2.7947	8
7.6800	4.8170	7.4810	8
4.9400	3.9430	4.4237	11
7.5300	5.3140	6.6070	8
10.0500	7.3320	9.5234	6
5.2800	3.4640	4.1389	11
9.6600	5.0220	7.0832	8
8.2400	8.3930	20.9403	4
8.0600	5.5200	6.1720	9
6.6600	6.3390	7.1953	6
6.5100	3.8870	5.2009	8
6.5300	4.7760	5.5008	8
5.7100	4.8590	5.4967	7
7.2300	4.2780	6.1365	8
5.4600	3.4850	4.4448	9
7.8400	5.1580	5.5235	9
9.2200	5.3800	7.1180	9
5.9900	4.4390	5.0172	8
5.2900	4.3780	5.9734	9
6.1500	5.1290	6.9499	6
4.1500	3.2610	3.7397	9
5.7200	4.0310	5.0299	11
5.2300	3.9310	5.3313	7
4.6900	3.4460	4.1879	9
5.7600	3.9550	4.7726	8
7.3300	4.3060	5.4989	9
2.3100	2.0340	2.2182	11
4.9100	3.8970	4.9302	9
6.9700	5.7180	6.3479	7
6.4200	5.2230	6.3957	9
6.6600	4.9260	6.7252	8
6.1700	5.9430	7.3839	7
2.0900	1.8360	1.9888	11
2.1900	2.0190	2.1330	11
6.5100	4.8640	6.5263	9
5.4100	1.2080	4.9420	11
7	4.8720	7.6940	6
5.5700	4.5220	5.3635	8
5.9300	3.7150	4.8891	9
7.2800	5.4230	6.2527	8
5.0500	3.1230	4.6085	10
6.0500	4.2450	6.0068	9
1.2300	1.1390	1.1916	11
4.9300	3.7240	4.3087	8
5.9300	4.9910	6.7089	6
7.8300	6.3380	7.3068	7
4.5500	3.3220	3.8799	11
5.7900	3.6000	4.6327	9
3.7600	3.3610	3.5830	11
3.0400	1.4530	2.8766	11
4.9200	3.5190	4.0779	11
4.5900	3.4210	4.2583	9
6.4300	4.0760	5.2627	9
7.0400	5.3370	7.1255	7
3.9900	3.2530	3.7986	11
1.0800	0.9000	1.0532	11
7.4300	4.7110	6.6799	9
4.8700	3.9010	4.4108	8
7.0200	5.0580	5.6704	9
6.8800	4.3780	5.3140	8
2.6800	2.4070	2.4671	11
1.1200	1.0540	1.0945	11
6.4800	3.4360	4.2840	10
5.3100	3.9400	5.0218	8
5.5700	4.2190	4.6239	11
4.4100	3.3690	3.9580	11
6.0700	4.3190	5.8517	9
5.7900	4.0380	5.5582	8
4.2100	2.3250	3.9014	11
6.7800	5.9950	7.0150	6
5.1400	3.5630	4.6123	8
7.6600	4.9300	6.5241	8
7.7200	4.8830	7.7131	6
2.0300	1.8530	1.9741	11
8.5600	4.8700	7.6123	7
6.6700	4.5870	6.8990	6
8.1900	4.2100	5.7149	11
7.5800	5.4570	5.6788	9
5.3000	4.6940	5.1070	10
7.1800	5.1700	7.3846	6
5.1000	4.0570	4.3023	9
6.7800	6.1380	7.6412	6
5.3200	3.4740	4.8328	8
6.3000	4.7140	6.8845	9
4.6900	3.0340	4.3274	10
5.3900	3.4290	4.3089	8
12.1900	7.0180	13.1713	6
5.5400	4.2770	5.3449	10
6.5600	5.3600	9.3235	6
6.1300	4.5290	6.1472	9
5.0700	4.2460	4.3370	11
4.2600	3.5760	3.8815	8
4.7000	3.2770	4.1275	9
7.7200	5.2780	6.9362	7
5.4000	4.3160	6.1524	9
6.9500	4.8410	6.7805	8
7.7800	4.6570	6.8264	8
6.9900	4.7150	5.3576	8
6.3300	6.9820	7.1875	6
7.7800	5.7690	7.8849	6
2.4100	2.2130	2.2563	9
7.8600	7.0790	9.0428	7
1.4900	1.4090	1.4569	10
7.7700	4.7660	7.0985	8
9.9400	8.5140	9.6627	6
4.9400	4.1130	4.8346	9
7.3200	5.3560	6.4194	8
4.4200	3.5050	4.4823	9
6.4600	5.6830	6.3897	9
6.1300	3.5310	4.4715	11
6.0400	4.6790	5.4321	8
9.6700	6.7680	9.8392	5
7.2800	4.6130	6.5591	7
5.2900	3.6510	4.4853	10
6.1000	4.6700	6.8981	6
11.4700	6.9860	16.3740	5
10.9900	6.1110	10.3115	6
4.6300	3.7280	4.2626	11
8.5900	7.2820	7.7660	9
6.5500	4.4780	6.0391	7
4.3900	3.2350	3.9844	9
5.7300	4.4870	5.0171	8
6.8000	5.2110	5.8732	10
5.0100	3.5050	4.3759	10
5.7400	4.2180	4.8122	9
5.9100	3.8360	4.6175	9
6.0600	4.1510	5.5925	8
6.2500	4.2100	5.7345	8
7.3000	6.4620	6.6010	9
6.0600	7.3040	8.3632	6
5.8400	4.3970	4.9957	8
1.4700	1.3780	1.4091	11
3.5400	2.9570	3.3866	10
6.0800	5.9590	7.0879	8
7.3400	5.3010	7.9266	6
4.0600	2.8280	3.6892	10
10.6500	8.9040	9.8730	6
4.9400	4.5820	5.4173	8
6.8500	4.1420	5.9364	9
6.5900	2.3280	6.0265	9
6.7400	5.7470	5.7740	9
8.0800	4.9770	7.2662	7
6.0400	5.2100	5.2880	9
4.9300	3.6770	4.6396	10
1.3400	1.2720	1.3112	11
6.9300	6.6970	6.8825	6
7.9600	6.4960	7.6797	6
4.9600	3.2590	4.4258	9
5.3100	3.3790	4.2558	11
1.3600	1.3130	1.3312	11
6.7200	4.4920	4.9346	9
5.5300	3.7840	4.8607	10
7.0900	4.5030	7.3025	5
7.5600	5.7420	10.8902	6
5.2000	3.8600	4.6445	8
0.9500	0.9120	0.9264	11
5.8300	3.7040	4.7956	9
4.8100	3.3470	4.1696	9
3.8900	1.6660	3.6865	8
3.5200	3.0850	3.2395	9
5.8300	4.1640	5.8248	9
6.2200	4.1930	4.5574	9
6.0100	5.1130	7.6668	6
7.1000	4.6880	5.5813	9
5.7700	4.5650	6.8236	8
2.8300	2.5590	2.7235	10
0.9800	0.9290	0.9588	11
12.4200	6.1210	11.6281	6
5.9700	5.1620	7.1703	8
6.8900	4.2510	5.9981	8
4.7400	3.3400	4.0894	9
5.1800	5.9330	6.0184	6
6.2200	5.3990	6.4873	6
7.3400	5.0200	6.7581	7
5.8200	4.1890	5.8569	9
10.4400	6.0420	12.2034	6
6.7200	4.5440	5.9834	9
3.8100	3.1780	3.3380	9
4.6600	3.6940	4.1148	9
4.8700	3.5520	4.1257	11
5.7600	4.7170	5.3132	8
2.4200	2.1520	2.3393	11
6.4500	5.1680	8.6612	7
8.0300	7.8990	8.1366	6
6.1100	5.0030	5.0210	9
5.2100	4.3120	4.5234	11
6.2500	5.2570	5.9490	9
11.5400	6.6750	10.3646	6
4.5300	3.3900	4.2388	8
4.3100	3.1560	3.7508	10
5.3400	4.0530	4.8069	10
5.4500	3.7230	4.5664	10
5.4900	3.8980	5.2476	10
7.7400	5.0290	8.1149	6
1.5000	1.4510	1.4531	11
3.6100	3.1180	3.3732	10
6.6400	4.3230	5.7494	9
7.6000	4.3660	5.6201	8
5.3300	3.5160	4.5047	9
6.0900	4.0370	5.5384	8
3.8900	2.8950	3.4526	11
1.7200	1.6360	1.6951	11
2.8400	2.5650	2.7838	9
1.5500	1.4510	1.5286	11
5.5900	4.1700	5.1284	8
4.9800	1.0580	4.5318	9
3.0200	2.4440	2.7834	8
5.1400	3.5450	4.5215	9
5.3100	3.3760	4.2511	11
6.0900	4.9090	7.8117	8
2.1200	1.7330	1.9996	11
6.4800	5.4440	6.5587	8
7.2700	5.8580	7.4972	6
3.8200	2.8990	3.3802	11
5.3200	4.1850	4.5842	9
9.9500	5.3160	7.1470	7
6.5500	6.3020	6.6497	7
1.4400	1.3660	1.4002	11
4.0300	3.3130	3.9452	9
5.6500	4.0300	5.0276	10
8.1800	5.2450	8.6616	6
5.8500	4.1490	5.0228	8
8.4300	4.9560	7.9724	6
5.5500	4.1080	4.9580	10
5.4000	4.1220	5.6503	9
5.9200	4.0190	4.9125	11
5.6300	3.7290	4.9067	10
1.7700	0.7450	1.7011	11
4.8500	3.8300	4.1850	9
5.5900	6.3960	7.0545	8
5.4600	3.9150	4.8947	9
5.7400	4.7450	5.1346	9
5.4700	3.7380	4.7785	9
8.3700	5.0070	6.6784	9
5.9000	5.3140	7.2074	8
3.4100	3.1340	3.1452	9
5.4000	3.7860	4.4375	10
2.6800	2.4690	2.5143	11
6.2600	5.7320	6.6923	9
6.3500	5.3870	5.5805	10
3.0600	2.6860	2.7989	10
6.1200	5.4310	5.7829	10
5.8000	3.7810	4.4506	8
7.2100	4.2940	5.6363	9
7.8200	4.4690	5.6429	8
4.6600	3.4450	4.2218	11
5.1700	3.5030	4.2639	11
3.2400	2.8850	3	8
2.0400	1.8600	1.9604	9
2.4600	2.2050	2.4405	11
8.7400	7.1090	8.5586	6
7.0500	4.5440	6.6322	7
4.3000	3.0780	3.6655	9
4.9700	3.3760	4.4462	11
1.5700	1.5150	1.5465	11
4.5400	3.6380	3.9568	10
7.2700	4.9270	7.6078	6
3.7800	3.4540	4.3846	8
6.9700	5.2990	6.0709	7
10.5100	4.8290	8.8238	8
4.8300	3.4070	4.3517	8
4.3900	2.9760	3.9935	10
5.4300	4.3050	4.5360	11
5.9600	4.9760	5.3805	8
6.6400	4.8890	6.9210	7
0.3600	0.2070	0.3520	11
4.6500	3.4270	4.3052	11
5.0900	4.6910	5.9946	9
2.3100	2.0270	2.2116	9
11.3000	6.0610	12.3524	5
5.2200	3.6130	4.5749	10
11.6700	10.9610	12.3127	6
3.6800	2.9870	3.4901	9
5.4300	3.6150	4.5205	9
3.6800	3.0190	3.5787	8
4.6600	3.6350	4.5970	8
4.9700	3.8190	4.0598	11
7.0300	6.7950	10.8270	6
5.4200	4.0090	4.6230	9
4.7000	3.5070	4.2141	11
6.4700	6.8050	6.8516	8
2.2000	2.1280	2.1426	11
4.5900	3.8420	4.0119	11
7.8000	4.8160	5.7374	8
1.5800	1.4790	1.5422	11
2.5600	2.2070	2.4556	11
3.1900	2.5740	2.9702	9
5.3300	4.0920	4.7479	8
5	3.7510	3.9974	11
5.0900	3.9150	4.7508	9
4.1700	3.3590	3.9567	8
4.5100	3.2800	4	10
6.0800	3.8470	5.1408	8
1.0700	0.9660	1.0283	11
6.2200	6.2640	6.6072	9
6.2000	4.5650	6.5024	9
4.9100	3.3550	4.1752	9
8.1700	5.5600	8.0263	5
5.5100	4.4300	4.6870	11
5.5800	4.5830	4.8534	10
6.2800	3.9870	5.2817	8
1.9600	1.7850	1.8701	11
5.6300	4.8210	5.0671	10
5.7100	4.3270	5.0860	10
2.7400	2.3120	2.5954	11
4.2000	3.5390	3.9481	8
7.8100	4.9660	7.7804	6
6.1600	5.1900	5.7646	6
6.2100	4.3300	6.1828	6
5.0900	3.7150	5.0242	9
2.5100	2.1050	2.3288	11
7.8400	4.7130	7.2331	7
3.3400	2.8100	3.0752	8
4.1000	3.4130	4.3135	9
1.0400	1.0220	1.0285	11
6.5800	4.1760	5.6842	8
5.6300	4.6310	6.8160	8
8.5300	5.3440	8.5997	7
4.9500	4.2680	4.4303	9
3.3400	2.8340	3.2761	10
5.7000	4.7560	5.2303	9
2.6100	2.2950	2.5740	11
6.2400	4.2010	5.9338	9
2.0800	1.3350	2.0182	10
8.7400	5.7700	6.5798	8
5.7900	4.2490	5.4203	8
5.4100	4.4170	4.7965	11
9.8100	5.3750	9.4011	6
7.7100	5.2780	6.1828	8
6.4200	5.6410	7.2872	7
4.1400	3.5270	3.9182	9
0.7800	0.7450	0.7646	11
2.2300	2.1230	2.1882	11
7.4700	4.4460	6.5303	8
5.9500	4.8440	5.1979	9
4.5400	3.8970	4.0191	11
4.9600	3.9790	4.8656	9
5.2000	3.4690	4.4038	11
2.7000	2.5820	2.6981	8
10.6200	6.2960	10.4046	6
5.7000	4.2490	4.7323	8
5.6400	4.6840	7.1347	7
9.2400	5.7400	10.6354	6
8.2900	6.2980	8.4895	6
6.2900	3.9070	5.1209	9
7.3100	4.8500	7.2556	6
6.4700	3.9880	5.2270	9
5.0600	3.9930	4.2834	9
4.5500	3.2010	3.9968	9
10.8000	5.7320	10.1408	6
1.5600	1.4510	1.5309	11
5.0400	4.7600	4.9587	7
0.7300	0.6930	0.7189	11
5	3.4110	4.2212	11
7.2900	4.2420	6.0283	8
5.0400	3.4200	4.5365	11
5.7100	4.3760	6.3052	9
7.6500	7.5510	8.2954	7
6.1500	5.3980	5.4662	9
6.6800	4.6930	5.1499	9
2.8200	2.5630	2.9274	10
2.2300	1.9480	2.1131	9
4.2800	3.8550	4.0290	11
5.4400	11.2850	11.4358	5
2.3700	2.1980	2.2158	9
5.2400	4.8690	5.6326	9
7.2400	3.9860	4.5115	11
5.6400	4.0800	5.0912	10
7.3000	4.9810	7.5994	6
6.5700	4.0150	5.3280	9
5.9500	3.7930	5.0101	8
2.3400	2.1200	2.1890	11
10	5.3230	8.5157	7
5.9700	3.8380	5.1355	8
3.0500	2.4770	2.8118	9
10.4700	8.3050	10.7583	6
7	6.6800	6.7941	7
5.7300	3.4620	4.2979	11
7.1100	4.9740	7.9655	8
4.5800	3.8110	3.8227	11
5.7500	3.9920	4.6570	11
5.2600	3.4710	4.3837	10
3.5300	2.8990	3.4662	8
3.3900	2.8670	3.3705	9
5.3300	3.7510	4.9197	8
7.3000	5.9980	6.5908	7
6.7100	4.4520	4.9989	10
8.0600	4.0860	4.8165	10
5.6900	4.1710	5.0795	9
6.4800	5.0060	5.2726	8
6.2800	4.2940	5.9145	7
7.5600	4.6350	6.9098	7
8.9200	5.2810	8.0527	6
6.3200	4.5410	6.1833	9
7.2800	4.4940	6.5041	7
5.0700	3.8540	4.9536	9
3.0400	2.3850	2.8379	11
4.6100	3.7420	4.9273	9
6.8100	2.5810	6.0863	8
6.6500	3.8840	5.2055	8
5.1100	4.9260	5.0137	9
6.7900	4.1980	5.5986	8
6.1600	4.6160	6.8285	9
1.0300	0.9960	1.0205	11
6.3100	4.1860	5.5546	8
5.0600	3.8600	4.5393	9
5.4300	5.1950	7.8776	5
2.7800	2.6840	2.7154	11
3.1900	2.7360	2.9917	11
4.9100	3.9560	4.3929	9
4	3.4670	4.0825	9
6.7200	5.4900	8.6386	7
10.0300	6.3960	10.9486	6
6.0800	4.1590	5.1024	8
7.2400	6.1200	8.0498	7
2.0500	1.8830	2.0157	11
7.6100	5.3050	7.1281	7
1.5000	1.4230	1.4674	11
5.5600	5.1650	5.3018	8
7.2800	4.4610	6.5450	8
6.1500	3.6330	4.6747	8
6.0500	3.7550	4.9590	9
1.2300	1.1460	1.1847	10
2.7100	2.2540	2.5235	11
4.9500	3.5590	4.5808	11
6.0400	4.8140	5.7333	8
5.9200	4.5130	5.0794	9
1.4100	1.3690	1.3732	11
5.6700	3.8730	5.0369	8
5.3100	4.6450	4.6764	9
3.0500	2.4110	2.8267	11
5.3700	3.3770	4.2039	11
4.0700	3.1500	3.8284	8
2.9600	2.6020	2.8582	10
6.8500	4.2820	6.0641	9
6.5700	3.5910	4.5597	9
6.3400	4.9090	7.3850	8
6.7800	4.1670	5.7599	8
4.9000	3.3630	4.4745	9
4.6000	3.2260	3.8581	9
8.4200	5.8160	9.6460	6
6.2400	4.1210	5.7049	8
5.6800	5.1460	5.3565	7
7.1600	5.4020	5.9017	8
3.1900	2.6070	3.0004	9
6.6400	6.1110	8.3365	7
5.6000	3.8580	4.6531	9
5.1900	3.3250	4.1341	11
6.0700	5.0690	6.7867	9
5.5600	3.6750	4.9387	8
7.9700	7.1990	8.9210	6
5.5400	3.3740	4.2465	9
9.8000	4.8480	7.0100	8
6.2100	5.7450	6.6552	8
3.0500	2.9100	2.9497	11
3.7400	3.4230	3.7816	9
9.8600	14.3130	17.4020	5
6.4400	11.2620	12.8466	5
5.4200	4.4210	5.1012	9
6.5100	6.3180	7.2737	6
6.8300	5.3680	6.8021	6
5.9800	5.0240	6.2487	7
9.4100	5.3980	9.4402	6
3.0100	2.7480	2.8716	11
3.3000	2.6930	3.0703	9
6.7400	6.2530	6.6653	6
7.5000	4.8360	7.5750	6
5.5400	4.6010	6.9138	8
5.2500	3.3370	4.1806	11
4.7200	4.2970	4.6198	8
4.9400	2.2670	4.5213	9
5.9100	4.1100	4.9427	8
5.9400	4.4850	6.5570	9
8.0600	5.9540	8.4932	5
4.5900	3.6690	4.3176	11
6.1700	3.8890	5.2328	8
5.9200	5.5200	5.5441	8
8.4000	4.8520	5.5989	10
2.6000	2.2710	2.5043	9
6.6500	4.4490	5.6204	11
1.6700	1.6030	1.6342	11
5.4800	3.7380	4.9016	10
3.2000	3.0020	3.1220	8
7.2400	3.9060	4.9075	10
6.8100	4.4540	6.5068	7
8.5300	5.1560	7.1572	7
4.9500	5.8710	6.6407	5
5.9800	5.0580	5.3307	8
6.3800	3.9550	5.0487	9
4.8900	3.3930	4.0121	11
4.7100	3.3300	4.2849	10
0.7700	0.7340	0.7595	11
8.8100	5.3430	8.3160	6
6.1700	5.1880	6.5743	9
5.7000	3.7600	4.7555	9
4.4900	3.8140	4.3737	8
7.0700	4.8860	7.1393	6
1.9400	1.8070	1.8903	11
9.0700	5.9510	9.9332	7
5.4200	3.6410	4.6620	9
6.7400	4.9310	6.4590	7
6.5300	6.0210	7.1374	6
7.4800	4.0470	5.4495	9
3.3700	2.8170	3.2598	9
5.7500	4.3530	5.5008	10
4.8900	3.7000	4.5526	9
7.2800	4.5280	6.6533	7
7.9300	4.5560	6.8969	7
2.3400	2.1880	2.2235	9
5.3000	3.5960	4.7330	8
4.1000	3.0610	3.7165	8
7.0100	4.1980	5.6355	8
4.8200	2.0500	4.6124	9
6.1100	3.9570	5.4393	8
7.2400	5.5500	6.9642	6
7.8300	6.7790	8.0143	6
9.0800	8.9240	9.4387	6
7.1000	5.1360	7.4268	6
8.7000	4.8610	7.1113	9
5.7000	3.7560	4.7811	9
6.3000	5.7940	6.6688	9
5.0200	3.5550	4.4393	11
6.8200	5.6110	7.6475	7
5.1600	3.9860	4.9073	10
7.0200	5.0420	6.4814	9
3.8600	2.2710	3.5625	11
6.7900	4.7310	7.2823	6
2.6900	2.3070	2.5865	8
4.8400	3.4700	4.3976	10
6.1100	4.6460	5.1375	8
4.6000	3.4270	4.2999	11
5.4100	3.7500	4.4388	8
4.0500	3.2760	3.9130	10
2.6100	2.3160	2.5230	9
8.4200	5.5470	8.0899	8
7	4.3500	5.2938	8
1.0200	0.9430	0.9942	11
4.8900	3.8290	4.8149	8
6.1800	4.1010	4.7122	10
5.6100	4.3280	6.0879	9
4.5100	3.5910	4.4181	8
4.8700	3.8700	5.1764	10
4.9100	4.3810	5.2553	9
6.6500	4.4710	6.3783	7
6.8400	4.0800	5.1152	10
5.9600	4.1660	5.7982	8
5.5400	3.6710	4.7903	9
5.9000	3.6060	4.3488	11
5.1900	3.8970	4.7887	9
3.6800	2.5740	3.4274	11
8.0700	5.9020	11.1264	6
8.8000	4.6270	6.9172	11
5.5400	4.0290	5.2602	9
5.4700	4.3260	5.4771	8
2.7400	2.3830	2.6923	10
7.6600	4.1140	5.7305	8
1.9200	1.6630	1.8055	11
5.6100	4.5260	4.5429	8
8.4300	5.0110	7.9185	6
8.3900	4.6190	6.9127	8
6.2700	4.7680	7.0672	6
4.1000	3.0090	3.6254	9
4.8400	3.2300	4.3307	11
1.1400	1.1110	1.1200	11
5.0700	3.7950	4.2043	11
6.6800	4.1540	4.5193	11
3.4200	2.7690	3.0175	11
6.7200	4.4030	6.3673	7
1.9600	1.8810	1.9379	11
12.6100	7.1840	12.1895	5
5.7900	3.9570	5.0577	9
1.5900	1.5440	1.5512	11
4.2800	3.2010	3.9910	9
5.2500	3.8530	5.0215	10
8.1500	5.2390	8.5117	7
5.3000	3.6060	4.6577	8
6.4800	4.5950	5.2747	8
2.2000	2.0820	2.1451	9
6.0800	5.1150	5.4339	9
5.9400	4.1470	4.9740	9
3.6600	2.9630	3.4653	8
7.3800	4.0340	5.1837	9
4.8500	3.2500	4.0156	11
8.6500	5.0800	7.6923	7
6.9500	4.2630	5.5242	8
10.0900	6.5780	9.2484	6
5.9700	4.6520	6.7587	6
5.9300	4.6540	7.0806	8
9.3100	5.6010	8.8972	6
5.1300	4.4720	4.6191	8
4.2500	3.3820	4.0208	11
4.9000	3.4150	4.1197	9
10.9300	10.1950	11.1145	6
6.3300	3.9000	5.2601	8
6.9100	5.1110	6.9989	9
5.8700	3.7550	4.9423	10
6.7700	5.8130	6.7156	6
7.6200	4.7180	7.1697	6
6.9600	5.3530	6.0823	9
5.6000	4.5400	5.7726	9
8.7000	6.5520	8.3678	8
4.7600	4.0630	4.3245	8
6.4700	3.9030	5.1390	9
5.5500	4.3120	5.2727	10
8.0700	6.0260	7.5350	7
3.0200	2.6530	2.9052	9
5.9100	4.5460	6.6637	6
2.8200	2.2670	2.6281	11
6.8700	7.0560	7.3484	6
5.7700	4.7180	4.9575	11
4.0200	3.5540	3.8829	11
5.3000	3.9830	5.2063	8
10.0800	6.2910	9.5845	6
6.5900	6.0720	7.3937	6
5.5700	6.3190	6.8621	8
5.0500	3.9320	4.2104	11
7.3000	4.3310	6.2212	8
7.4400	4.4570	6.5882	8
5.9100	3.8940	4.8304	9
5.6100	4.6500	5.7603	9
3.4800	2.7860	3.2747	9
3.9100	3.1280	3.7072	9
10.5300	7.1540	10.7329	6
5.8400	4.1560	5.7850	8
6.1600	4.1110	5.3640	10
6.1800	4.0030	4.6178	9
3.1800	3.0440	3.1281	8
5.4700	4.0560	5.3844	9
5.7600	5.0420	5.2752	7
5.9600	4.1560	5.8112	8
5.9400	3.8260	5.0152	8
8.1000	5.3060	8.2401	6
6.8100	5.3550	6.7519	6
6.6000	4.9240	5.6521	8
4.9000	3.3370	4.1543	9
5.8300	3.9470	5.1938	9
8.7000	6.1640	8.3222	6
4.3200	3.6720	4.3487	10
6.0100	6.9380	7.1403	8
4.5300	3.5220	4.2651	11
8.0800	6.0730	7.6183	8
6.3500	4.5690	6.0731	10
5.4700	3.9960	5.1313	8
5.8700	3.8470	4.8982	8
7.8100	4.3070	6.1710	9
10.9200	7.1430	12.6918	4
5.2900	3.3600	4.1377	11
8.9800	4.8840	7.4647	7
4.9100	3.2620	4.0448	10
5.9600	4.2120	5.9104	8
6.5800	4.4710	6.4516	8
4.6900	3.4140	4.3338	10
0.4300	0.3060	0.4178	11
5.6600	4.0620	4.8007	9
4.1500	3.7770	3.8341	9
1.2800	1.1800	1.2281	9
4.4200	3.2390	4.0454	10
7.9700	7.2400	7.9107	6
2.2500	1.9310	2.1095	10
5.1400	3.7530	4.9390	9
5.7600	3.8590	5.0794	9
6.5700	4.9390	7.4498	6
5.6300	4.0350	5.3809	7
4.1600	3.3080	3.8022	9
4.4300	3.0370	4.0004	10
4.3700	3.5990	4.1991	8
2.1300	1.9660	2.0744	10
3.1900	2.6900	3.0381	9
8.1000	5.7250	7.1034	7
3.9200	3.0060	3.6310	9
6.0300	3.8950	5.2526	10
5.6800	5.0910	5.6704	6
2.6000	2.1750	2.4610	11
7.9700	5.5790	7.5118	6
8.7900	5.1760	6.8597	8
0.6800	0.6430	0.6688	11
5.6900	3.7820	4.9052	8
6.8400	5.7520	5.9298	8
5.7900	4.4160	5.6449	7
5.9500	4.5400	4.8599	9
5.5600	4.9420	5.1117	8
6.8400	5.5260	7.5297	6
5.5500	5.0820	5.5981	6
3.2100	2.6960	2.9822	10
7.1100	4.8220	7.3178	6
7.5700	5.9350	7.4714	6
3.7700	3.6520	3.6932	9
6.4200	4.4490	5.2524	9
3.2900	2.8410	3.0953	11
5.8300	4.1240	5.0039	8
5.2000	4.0310	4.8162	9
5.2700	3.8210	4.9755	10
6.4000	4.7040	4.9628	8
4.8800	3.3990	4.0381	11
7.5800	5.9360	7.8549	6
3.2900	2.6650	3.0941	10
6.1000	5.8660	5.8988	9
6.0600	5.0490	5.7213	10
6.2400	6.0210	6.6688	9
5.2000	4.5220	4.8113	10
2.6400	2.2930	2.4791	10
2.6800	2.3340	2.6203	7
5.9200	4.7290	6.6764	6
10.0800	10.5110	21.8182	5
5.0300	3.4590	4.0189	10
5.9600	4.6220	6.8255	9
7.7400	4.7220	7.2316	8
3.5900	2.8780	3.3890	11
6.9600	4.6400	5.9933	7
5.9000	4.0600	5.1668	8
3.9900	3.2100	3.4507	11
4.9200	3.2730	4.0702	11
8.6400	5.2290	7.6076	7
6.3700	4.3280	6.0753	9
7.4300	5.1920	7.3044	7
5.5700	4.6610	4.7195	9
5.2200	3.8200	4.3112	10
5.7800	4.6320	5.5759	10
5	3.6020	4.4675	10
4.9300	4.0570	4.9939	5
9.0300	4.7620	6.6038	9
6.4100	4.9790	5.4937	8
7.0300	4.7310	7.0356	7
4.7800	3.8890	4.3028	8
5.3400	3.7360	4.9212	11
4.8000	4.0630	4.1351	11
2.7800	2.4990	2.6985	11
7.1500	6.0430	6.2196	9
4.3200	3.5710	3.6403	11
10.5500	6.9070	10.9338	5
6.0400	5.5870	5.7518	9
7.4200	5.1490	7.7396	6
7.0300	6.7140	7.0462	8
8.7900	5.4560	8.5907	7
5.5800	4.7430	5.0718	8
7.4800	4.7130	6.2173	8
5.8800	4.0770	5.1051	9
4.2100	3.5980	4.3918	9
10.9500	6.1390	9.4789	6
5.7300	4.0040	5.3773	9
2.9400	2.5470	2.7992	9
7.3200	5.0820	7.1955	6
7.3000	5.1970	6.6654	7
7.5700	4.5870	6.3236	8
6.4500	3.8820	5.1337	9
5.1200	3.4730	4.4619	11
5.5700	3.6100	4.6779	9
6.8100	5.2590	6.7923	7
5.6300	4.1840	5.8390	9
1.5000	1.3570	1.4572	9
8.7900	4.9560	7.3593	7
8.2300	4.8820	7.7415	7
7.8700	6.0430	7.5659	8
3.5500	2.7490	3.2220	11
5.0700	3.8220	4.8531	8
1.1300	1.0700	1.1057	11
2.4300	2.0250	2.2761	11
9.7900	8.8560	9.4225	6
4.1500	3.4870	3.9961	11
5.2900	4.8070	5.0797	10
6.5800	4.7260	6.2571	7
4.2900	2.2450	3.9763	11
7.5900	3.9580	4.9997	11
6.7100	4.0090	5.4923	8
4.4600	3.4780	4.1702	11
2.5300	2.2590	2.4532	8
6.7200	4.7760	7.2297	6
4.7900	3.6200	4.7215	9
1.2100	1.1160	1.1816	11
7.5200	4.9880	7.7112	6
4.9800	3.7950	4.1359	11
8.0100	5.7970	8.0422	6
4.9800	3.3810	4.3707	10
1.4300	1.3980	1.4096	10
4.7500	3.2880	4.3586	8
6.6900	4.5320	5.8515	9
5.7400	4.6760	4.7344	9
7.0700	4.5500	6.7792	7
6.4200	4.7600	5.0051	8
5.5300	4.6610	5.0711	9
6.7400	5.1500	7.4615	6
7	4.3180	6.0371	8
4	1.0570	3.7175	11
4.3500	3.1330	3.7265	9
7.4000	4.6930	6.6987	6
5.6400	4.0600	5.2651	11
3.5900	2.7380	3.1809	11
2.0500	1.8240	1.9657	11
5.5600	3.8300	5.0481	9
5.0500	3.4840	4.2710	9
5.7800	4.4570	5.7267	9
5.1800	3.5730	4.7645	9
4.7100	3.7130	4.3615	9
6.1600	4.2370	5.9026	9
7.1900	5.2420	5.2632	9
3.8200	2.6890	3.4870	9
3.6500	3.1330	3.8009	8
4.8100	3.6720	4.2649	10
11.5300	6.4790	11.9507	6
6.0900	5.2020	6.5099	9
5.7500	3.8430	5.0319	10
4.2500	3.4750	3.7082	10
4.4700	3.5010	4.2981	9
6.2200	3.8040	4.9641	11
2.6200	2.3870	2.5212	9
8.3500	4.3630	5.7962	10
1.6900	1.5580	1.6092	11
6.6200	5.8170	8.8337	7
6.1200	2.6520	5.4198	9
7.2600	4.8960	7.6029	6
7.0200	4.0880	6.1828	8
6.6000	6.3490	7.1739	6
7.4400	5.8800	7.7427	6
5.7700	4.1680	4.7396	9
5.4100	3.6330	4.5397	9
5.2800	4.1510	4.2304	11
9.7000	5.1400	8.1822	8
4.5200	3.3360	4.1586	11
5.3700	4.3100	4.4694	9
1.3500	1.2260	1.2957	11
2.7800	1.6150	2.5981	11
5.5800	3.9980	5.3418	9
4.2000	3.7190	4.3988	7
5.7900	5.2010	8.4773	6
3.7200	2.8650	3.4359	8
6.2200	3.6040	4.5299	11
10.3900	9.8170	11.2629	6
5.3600	4.3430	5.1326	10
2.8700	2.4060	2.6574	10
5.5500	3.5470	5.0235	9
5.8800	4.5450	6.7131	6
9.3200	5.6200	8.9118	6
5.4300	3.4200	4.1099	11
5.4900	3.7810	4.3902	11
7.6500	4.7710	6.4361	8
1.5400	1.4520	1.5298	11
11.6900	5.4820	10.1998	6
6.0400	4.5230	5.5499	8
6.1700	4.8970	5.4151	9
6.5900	4.3290	6.2223	7
9.0200	10.4980	10.6255	5
12.7700	5.9200	11.6313	6
6.5400	4.1050	5.5391	8
6.5400	4.0580	5.3818	9
4.9800	2.2500	4.5920	9
6.3800	7.2400	7.2939	6
6.0800	4.2950	5.8795	9
5.8100	5.1690	6.1947	9
5.5000	3.5040	4.4409	11
2.2900	2.0170	2.2119	10
6.2500	4.6450	5.1343	8
3.0100	2.4750	2.7953	9
7.0400	4.0160	5.5056	8
3.6400	3.1540	3.2902	9
7.4500	6.9130	7.5943	6
5.2700	3.7780	4.0805	11
5.6900	3.8550	4.6487	9
6.4000	3.8290	5.0437	9
3.1500	2.7030	2.9059	11
6.1300	3.8820	5.1730	8
7.6500	5.3850	7.4453	6
6.0600	5.7510	7.1479	7
7.0800	5.2290	5.9396	8
4.5300	3.6260	3.8894	10
5.3600	4.2430	5.0724	9
6.2700	5.9000	6.9535	6
4.9700	4.7830	6.9666	6
5.8300	5.0480	5.9685	9
6.4500	4.3270	5.1341	9
1.0600	1.0170	1.0332	11
3.0500	2.4640	2.8383	10
4.8400	3.2780	4.2976	11
1.4400	1.2730	1.3977	11
4.4700	3.1370	3.8363	11
5.4800	2.9570	5.4937	6
3.2000	2.7750	3.2663	10
6.6200	4.3540	6.2447	7
6.6800	4.7400	6.9962	6
4.9300	3.3290	4.1547	11
7.0800	5.2470	6.3726	8
8.4400	5.6190	7.4466	7
4.9700	3.6110	4.3835	8
2.3300	1.8840	2.2201	11
4.4400	3.3030	4.1123	8
3.1000	2.8280	2.9149	10
4.8100	3.4360	4.1573	9
9.0400	5.0690	8.2264	6
5.8300	4.5430	5.5529	10
7.3100	5.4400	9.2755	6
6.5300	5.9840	7.2539	6
5.7500	4.9180	5.4861	9
7.3600	4.9480	6.7350	6
4.8200	3.7570	4.3596	9
7.5700	5.0110	5.7593	8
6.9200	4.4180	6.4480	7
5.2600	4.1690	4.4739	9
6.2800	5.3920	5.6298	9
4.4900	4.1720	4.4967	9
6	3.9980	5.1935	8
6.0800	3.8420	4.9992	9
5.1500	3.3890	4.1452	11
8.3500	9.7710	9.8770	6
1.6500	1.5670	1.5908	11
8.5200	5.1750	8.2847	6
1.3100	1.2760	1.2880	11
5.6100	4.5190	5.9353	9
5.0800	3.9060	4.8673	9
7.5100	5.2240	7.1942	7
7.9000	5.0050	8.1192	6
5.5100	3.5840	4.4753	11
9.7500	5.8590	9.3714	6
4.9400	3.5730	4.3759	9
7.6100	4.0420	5.5495	9
2.4200	2.3140	2.3534	11
3.9500	2.8820	3.4055	11
5.7000	5.1460	6.1582	9
4.9200	3.3350	4.0561	11
9.5200	5.8540	8.4435	6
7.4100	5.1620	7.2370	7
4.9200	2.3450	4.4923	11
6.5200	4.2770	5.2143	9
7.8500	7.0830	9.4396	6
4.5300	4.0050	4.3044	8
8.1900	4.9670	7.8463	7
7.8900	4.3020	6.1703	8
8.5200	5.7740	8.8538	7
5.1200	4.0100	4.3593	11
5.9000	4.9710	5.1996	9
5.8800	4.3220	4.4101	9
8.4300	4.5790	6.4014	9
4.2800	3.0820	3.7015	9
5.9500	4.8510	5.1095	8
3.1300	2.7000	2.9861	9
3.0300	2.8350	2.9694	10
5.3400	4.4580	5.4158	8
4.3400	3.4190	3.7911	11
5.7900	3.9130	4.8411	9
4.2500	3.6290	3.7758	11
4.5600	3.3290	4.1674	8
1.2500	1.2120	1.2243	10
1.2200	1.0890	1.1897	11
10.2000	6.7430	8.1633	8
1.3600	1.1860	1.3169	10
6.3900	3.6940	4.6711	9
7.8100	5.6370	7.5715	6
1.0200	0.8000	0.9918	11
8.1100	4.8570	7.3942	7
6.1800	3.9140	5.2095	8
6	5.3330	8.0043	6
5.0400	3.5340	4.6706	9
5.2700	4.1510	5.0888	9
4.9200	3.3220	4.3629	11
7.8000	5.2660	7.7029	7
6.8900	6.3350	7.2253	6
4.9600	3.3070	4.1213	11
1.4700	1.3380	1.4298	11
4.8200	3.6900	4.3396	11
6.1900	4.5400	6.2614	8
5.1300	4.2120	5.0063	10
8.2500	5.0900	8.3199	6
6.0500	4.9770	6.8323	6
8.6600	4.9510	7.8921	6
6.7300	6.7800	7.4283	6
7.3400	5.8070	6.9193	7
3.8600	2.9900	3.6001	8
4.8900	3.9790	4.5412	10
8.5900	6.1880	7.2282	9
5.9900	3.5080	4.2047	9
4.4900	3.1750	4.0298	11
6.2700	4.6700	7.0871	8
4.5100	3.3540	4.0057	9
1.6900	1.5050	1.5998	11
4.8000	4.1930	4.3189	8
5.7100	5.1650	5.7301	7
6.5100	2.3780	6.0892	9
1.1500	1.0810	1.1089	11
4.5900	3.2100	3.8617	11
5.4600	5.7140	5.9574	5
4.4600	3.5890	4.5284	10
6.7000	6.0020	6.5372	9
6.2100	2.5690	5.6563	9
6.6000	4.0190	4.9501	9
6.9300	4.5060	5.8476	8
1.7200	1.6390	1.6802	10
4.0700	2.3780	3.7804	11
6.6300	5.1940	6.4077	7
5.1100	3.7230	4.8376	10
5	3.5240	4.1152	10
5.7400	4.6760	7.1260	8
5.5100	3.5330	4.4479	9
5.1400	4.3580	4.8486	9
6.1700	4.5780	6.6173	9
5.6500	3.7970	5.0487	8
4.2200	3.5710	3.9476	11
6.6900	5.1130	5.1327	9
7.8700	5.5540	7.3510	7
6.3600	8.0830	8.1528	7
4.9100	3.5650	4.4947	8
10.2100	6.2300	9.2860	6
8.5500	4.4830	5.8998	9
5.1800	3.5590	4.4783	8
7.4300	5.6010	6.0026	9
4.3500	3.4600	4.3767	10
2.5100	2.3330	2.4615	11
6.4800	6.7170	7.2000	6
5.0300	3.4630	4.5319	10
5.1300	4.2600	5.1465	9
1.5900	1.3610	1.5246	10
1.6800	1.0510	1.6235	11
4.0900	3.7180	3.9914	9
5.3700	3.1710	3.7484	11
6.8500	5.1550	5.7573	9
6.9900	4.1150	5.5569	9
7.3800	4.6910	6.6159	9
5.2300	3.9700	5.0313	9
5.2700	4.2950	5.1096	8
5.4900	6.3370	7.0196	8
4.8600	3.2060	3.8352	11
8.0100	4.7260	5.4631	9
4.6900	3.8040	5.0637	9
4.8400	4.0110	4.3568	8
4.1400	3.1030	3.6514	9
2.1100	1.7760	2.0396	8
6.1500	3.8000	4.7682	9
6.1800	5.3520	6.8144	6
6.0500	5.1440	5.5622	9
5.2100	3.5400	4.4867	10
1.9600	2.1070	2.1812	6
6.6700	6.4220	9.0099	6
9.7400	6.4480	10.1840	6
7.9500	5.0620	6.4681	8
5.1900	4.2470	4.6913	11
4.9100	3.3450	4.1745	10
5.5300	4.2880	4.8331	8
6.9000	4.4170	6.3135	8
6.1500	4.9430	5.7763	9
4.8500	4.1120	4.4459	8
5.3700	3.5870	4.6518	10
6.7300	5.5840	9.2192	7
4.5200	3.2240	3.8929	10
3.2500	2.6140	3.0087	9
5.1500	4.0200	4.0883	11
3.6800	3.1400	3.3467	10
5.7800	4.6550	5.5727	9